_C006

VEHICLE
NUMBER     CAPACITY
  25         200

CUSTOMER
CUST NO.  XCOORD.   YCOORD.    DEMAND   READY TIME  DUE DATE   SERVICE   TIME
 
     0       25       46          0            0        1236          0
     1       69       43         10          223         588         76
     2       60       76         20           46          85         98
     3       76       39         20          381         816        109
     4       40       22         10          838         871         71
     5       42       87         10          394         437        100
     6       24       82         40          714        1028        107
     7       57       38         20          353         467         73
     8       58       50         10           33         123         74
     9       70       35         10          613         816         98
    10       68       25         10          666        1000         96
    11       25       82         40          632         757         73
    12       69       82         10          347         559        103
    13       63       28         10          512         593         91
    14       77       78         50          502         792        106
    15       66       14         20          305         320        105
    16       18       75         10          274         313        103
    17       65       39         10          259         360         91
    18       71       28         10          628         737         80
    19       33       81         20          768         943         90
    20       49       25         10          590         765         74
    21       69       53         40           44         464         96
    22       13       70         40           27         336         75
    23       61       76         20           46         244         90
    24       65       30         20          700         840         72
    25       69       55         10          891         965         82
    26       79       66         10          142         148         79
    27       77       70         20          146         312         95
    28       73       73         10          690        1004        101
    29       23       90         10          709         731         72
    30       66       69         10          847         907        104
    31       74       46         10          395         578        104
    32       62       56         10          188         422         84
    33       50       24         20          768        1127         96
    34       73       78         30          506        1053         86
    35       13       75         20          211         214         76
    36       63       17         30           47         546         91
    37       73       12         10          458         582         73
    38       49       33         30           27         247        105
    39       31       30         10           16         240        107
    40       72       76         10          741         985        103
    41       58       49         40           32          47         93
    42       58       46         10           33         273         92
    43       59       51         10           87         166        109
    44       72       27         10          465        1176         80
    45       18       79         10          224         578         73
    46       38       83         10          461         580         92
    47       70       62         20          371         611         83
    48       65       24         30          740         753         83
    49       23       85         10          778         816         70
    50       32       33         20           14          52         94
    51       75       59         10          713         791         81
    52       29       15         30           80         549         78
    53       55       26         10          387         812         72
    54       58       38         10           33         474         85
    55       66       87         10          636         690        105
    56       34       85         20           40         589         83
    57       34       83         30          118         131         97
    58       60       26         20          477         513        100
    59       72       62         20          524         805         83
    60       17       21         10          582        1035        103
    61       60       77         10          196         277         98
    62       13       83         10          317         643         92
    63       76       25         10          424         791         70
    64       39       19         10          216         250         71
    65       91       19         10          708        1034        110
    66       66       31         10          400         494        101
    67       80       75         20          260         584        108
    68       21       87         10          114        1049        106
    69       24       75         20          710         837         71
    70       15       24         20          600        1230        102
    71       76       63         10           54         243         88
    72       58      100         10          939        1087        102
    73       21        9         20          528         691         70
    74       51       32         20           29         489         82
    75       69       86         10          362         758        100
    76       28       15         10          174         611        102
    77       70       14         20          411         432         95
    78       64       49         20          107         120         82
    79       58       44         10           33         269         82
    80       83       76         10          314         750        109
    81       70       63         30          331         817         88
    82       42       39         10           18         330         88
    83       79       73         30          179         475         92
    84       33       76         10           31         287         86
    85       45       26         10          648         865         92
    86       68       40         10          192         509         87
    87       11       65         10           24          47        103
    88       59       79         40          116         556        106
    89       12        9         10          345        1032        107
    90       63       57         40           67         712         93
    91       58       20         10           42          89         88
    92       31       10         30          271         730         98
    93       76       77         40          576         935        104
    94       61       30         20          407         886         93
    95       87       66         10          939        1027         98
    96       39       87         20           43         648        100
    97       54       36         20           76         543         97
    98       66       43         40           46         449        100
    99       63       21         10           45         454         78
   100       29       89         10          440         807         90
