_C007

VEHICLE
NUMBER     CAPACITY
  25         200

CUSTOMER
CUST NO.  XCOORD.   YCOORD.    DEMAND   READY TIME  DUE DATE   SERVICE   TIME
 
     0       48       78          0            0        1236          0
     1       21       70         10          769        1114         73
     2       73       77         50           26         368         79
     3       17       72         30          666         958         89
     4       85      100         40          605        1080        110
     5       10       30         10          486         609        110
     6       33       35         10           46          76        109
     7       32       47         20           35         125         87
     8       22       25         10          100         343         73
     9       90       70         20          423         798         83
    10       72       78         40           24          94         80
    11       16       87         20          552         780         71
    12       47       66         10          544        1030         74
    13       34       59         10          119         517         88
    14       33       56         10          405         413         84
    15        8       33         10          665         701         77
    16       84       92         10          197         782         99
    17       33       22         30          547         733         84
    18       31       23         20          616         941        104
    19       30       60         20           26          55         80
    20       10       24         10          271         341         92
    21       83       66         20          639         764         77
    22       28       91         30          299         444         90
    23       40       61         30          552         647         76
    24       18       94         20          444         720         76
    25       37       66         30          303         695         94
    26       83       64         10          780         782         81
    27       32       15         10          665        1117         77
    28       35       50         30          667         736        107
    29       42       83         10           44         198         72
    30       45       77         10            3         204         93
    31       29       53         10          106         119         92
    32       19       33         10           53         227         80
    33        8       25         20          320         481         88
    34       31       84         20           99         309         74
    35       18       21         10           65         666         99
    36       23       37         10          492         556         79
    37       77       73         30           30         488         78
    38        7       19         10          395         514         83
    39       35       65         40          344         661        106
    40       35       65         10          820         915        102
    41       20       96         20          304         639        108
    42        7       30         20          334         653         96
    43       32       72         30          168         401         97
    44       27       33         10          133         604         89
    45       25       46         30          118         491        106
    46       76       78         20           29         246         90
    47       75       79         20           27          77         84
    48       52       72         10            8         175         96
    49       51       34         10          184         465         92
    50       15       50         10          482        1236         75
    51       31       12         10          901        1041         86
    52       27       28         10          304         623         83
    53       37       25         20          627         634        104
    54       32       22         10           59        1060         85
    55       15       12         10           74         618        103
    56       35       59         10          157         301         88
    57       31       34         10          126         188        100
    58       29       78         10          172         394         75
    59       35       66         20          277         942        107
    60       84       77         10          259         325         89
    61       79       69         30          830         905         80
    62       83       85         10          176         549         80
    63       80       84         10          107         451         81
    64       77       87         30          611         676         85
    65       29       25         10          586         768         99
    66       23       61         10          813         836        108
    67       79       87         40          422         668         97
    68       26       52         40           34         487         92
    69        9       31         20          577         606         88
    70       53       77         10            5          25        103
    71       46       32         20          391         453        104
    72       34       84         50          834         932         82
    73       33       68         40          254         517        108
    74       20       23         10          718         915         86
    75       17       86         10          719         757        102
    76       55       26         10          723        1152        109
    77       32       42         10           39         240         98
    78       25       71         20          642         813         76
    79       43       30         10          103         955         93
    80       37       77         10           45         163         75
    81       22       46         10          385         443        102
    82       14       15         10          828         913         81
    83       49       21         10          613         881         98
    84       29       35         10           47         534        106
    85       48       40         10          125         356         77
    86       21       27         40           87         192         86
    87       84       85         10          319         568         96
    88       23       31         20           54         260         87
    89       29       18         10          653         806         77
    90       19       29         10           57         271         71
    91       54       28         10          820         887         86
    92       31       75         10           51         319         96
    93       37       56         10          555         806         93
    94       27       35         10          498         718         76
    95       69       92         20          699         776         88
    96       60       25         10          928         964         85
    97       82       76         10           34         544         81
    98       45       57         20          105         135         99
    99       11       37         10          336        1194         82
   100       82       82         10          365         409         92
