_C009

VEHICLE
NUMBER     CAPACITY
  25         200

CUSTOMER
CUST NO.  XCOORD.   YCOORD.    DEMAND   READY TIME  DUE DATE   SERVICE   TIME
 
     0       45       76          0            0        1236          0
     1       41       25         10           52         440         93
     2       25       41         10          861         947         94
     3       47        8         20          857         945         97
     4       47       21         10           55         407         75
     5       26       54         10          123         268         97
     6       30       17         50          420         763        105
     7       71       66         20          133         252        109
     8       31       92         20          391         579         88
     9       67       71         20           23         167         84
    10       25       50         30          541         700        100
    11       33       57         30          292         484         92
    12       90       73         20          283         623         80
    13       14       24         10          652         813         77
    14       78       65         10          147         469         77
    15       43       75         20            2         115         88
    16       52       23         30          190        1236         77
    17       42       26         10          179         314         71
    18       28       53         10           29         304         72
    19       28       56         10           50         540        107
    20       42       19         10          265         584         73
    21       34       43         30          894         946         73
    22       30       81         10          367         406         88
    23       44       54         20          820         858         80
    24       37       27         20          272         353        109
    25       26       44         40          551         903        106
    26       33       46         10          636        1024         86
    27       77       55         40          256         884         88
    28       40       51         20          568         930         85
    29       84       61         20          616         904         72
    30       80       63         10          184         910         82
    31       46       14         10          200         445         75
    32       84       53         20          806         949         74
    33       18       33         10          529         731         92
    34       10       41         10          307         375         74
    35       31       51         20          494         677         74
    36        8       55         20          902         971         89
    37       59       19         10          634         656         88
    38       75       60         10          605         976         76
    39        6       38         10          264         576         70
    40       24       70         40           22         324         78
    41       41       87         40          564         773         79
    42       40       30         10          217         800        102
    43       43       28         10           88         189        107
    44       50       68         10          697        1042         86
    45       42       66         10           10         100         86
    46       32       51         30          319         651         98
    47       30       80         10           98         482         95
    48       33       34         10          325        1076         77
    49       42       32         10          121         341         74
    50       37       57         10          253         341         88
    51       11       45         30          109         380         93
    52       45       49         20          797        1059         76
    53       36       31         20          515         714         82
    54       14       53         10          470        1227         82
    55       29       24         40          486         922         80
    56       36       53         10           25         295         88
    57       22       39         30          378         635         96
    58       39       59         30           18         333         90
    59       67       64         10           25         303         78
    60       41       25         30          379         472         74
    61       20       60         10           30         192        103
    62       71       76         20          620        1081         89
    63       78       56         10          642         786         72
    64       35       50         10          566         761         80
    65       30       27         10          484        1091        102
    66       29       73         10           16         363        100
    67       27       59         10          268         535        105
    68       33       17         10          868         952         94
    69       50       18         20           59         550         87
    70       54       38         10           40          53         87
    71       80       60         10          383         880         78
    72       39       56         50           21         471         96
    73       12       51         40           83         206         93
    74       40       19         10          418         593         76
    75       28       48         10          568         870        105
    76       14       48         20          394         666         85
    77       52       24         20          620        1016         72
    78       22       70         10           24         389         83
    79       26       52         20          496         530        105
    80       17       58         10          344         483        107
    81       47       30         10           46         352         90
    82       86       77         20           73         398        108
    83       24       40         20          460         749        105
    84       88       72         30          237         458        103
    85       46       11         10          278         524        104
    86       74       53         10          390         933         85
    87       78       58         10          205         729        100
    88       37       78         10           97         107         93
    89       43       24         10          263         378         99
    90       33       97         10          518         639         77
    91       45       85         20          493        1012         99
    92       74       75         20           29         334        108
    93       55       23         10          688         917         82
    94       49        2         10          500         529        109
    95       55       46         20           32          41         85
    96       29       32         10          727         924         78
    97       77       59         30          373         409         74
    98       19       68         10           27         698        101
    99       36       78         20          171         212         92
   100       67       67         30           24         619         82
