_C005

VEHICLE
NUMBER     CAPACITY
  25         200

CUSTOMER
CUST NO.  XCOORD.   YCOORD.    DEMAND   READY TIME  DUE DATE   SERVICE   TIME
 
     0       73       79          0            0        1236          0
     1       45       51         30          601         784        104
     2       16       46         10          479         558         93
     3       46       61         30          344         430         95
     4       48       23         10          478         535         84
     5       49       45         10          802         805         97
     6       37       58         30           41         114        101
     7       59       77         20           14          46        110
     8       45       29         20          106         408         90
     9       74       73         10          179         398         72
    10       51       40         30          231         534         94
    11       50       67         20          257         350         75
    12       68       85         10          421         553         80
    13       52       56         30          831         957         83
    14       34       12         10          671         964         99
    15       43       35         10          382         741         77
    16       62       27         20          197         298         77
    17       48       32         40          475         494         72
    18       34       59         10           43         243        105
    19       72       29         10          193         683         98
    20       46       25         10          350         360         72
    21       43       73         30          265         386         71
    22       24       38         10          615         632         92
    23       40       86         10          647         729         81
    24       42       67         50          579         585         94
    25       61       79         10          676         686         87
    26       62       82         20          169         237        107
    27       48       23         10          246         604         82
    28       64       81         30          719         819         97
    29       24       60         10          154         311         72
    30       18       60         10          232         388        108
    31       43       31         10          445         756        109
    32       72       35         20          766         899        100
    33       14       48         30          752         797         89
    34       67       75         10            7          13         79
    35       51       31         10          110         187        103
    36       61       80         30          621         712         99
    37       70       95         10          597         754         79
    38       47       60         10          216         380         88
    39       36       75         20          313         495         89
    40       81       79         10          350         389        103
    41       63       71         10           78         104         97
    42       33       80         10          559         607         96
    43       56       57         10           28          93         96
    44       43       69         20          429         535         81
    45       38       52         20          819        1010         85
    46       35       38         20          594         846         72
    47       44       80         10          115         164        101
    48       51       44         30          205         377         87
    49       40       62         10          456         521         88
    50       72       79         20            1          79         80
    51       73       31         10          451         625         78
    52       53       46         30          808        1000         94
    53       44       75         10          486         653         79
    54       29       58         10           81         227         73
    55       60       68         10          105         281        101
    56       78       32         10          521         723         85
    57       34       78         10          495         505         85
    58       48       38         20          790        1006         87
    59       72       64         30          840         894        103
    60       31       48         10          611         739         83
    61       55       35         30           47         253        100
    62       60       66         30          808         946        108
    63       61       47         30           34          80         96
    64       66       39         20          696         782         87
    65       68       88         20          444         696        100
    66       63       32         20           49          92         88
    67       55       85         20          440         546         87
    68       27       39         40          675         764         91
    69       42       98         10          838         902         83
    70       59       48         10           34         280         74
    71       69       77         10           72          97         87
    72       66       77         40           56         187         75
    73       64       42         10           38         109         86
    74       60       15         20          861        1025         92
    75       75       77         30           63         292        107
    76       47       56         50          110         335         71
    77       40       53         10          210         246         95
    78       55       55         30           81         171         88
    79       37       45         30          374         477         71
    80       89       36         10          916         926         80
    81       37       39         20          449         557         75
    82       32       90         10          767         789         79
    83       34       37         20          510         654         81
    84       32       50         10          803         840         86
    85       43       51         10          224         428         91
    86       33       61         10           89         204         70
    87       61       70         10          768         788         76
    88       52       42         10          161         269         74
    89       61       19         20          269         394         92
    90       78       27         10          671         752         83
    91       60       68         10          777         790         92
    92       57       83         20          358         465         79
    93       61       30         20          552         763         71
    94       76       78         20            4          30        108
    95       18       66         40          345         504         74
    96       40       76         10          175         318         75
    97       61       94         30          494         688         76
    98       83       26         10          678         923        109
    99       62       84         20          304         319         95
   100       49       70         50          323         440         94
