_C001

VEHICLE
NUMBER     CAPACITY
  25         200

CUSTOMER
CUST NO.  XCOORD.   YCOORD.    DEMAND   READY TIME  DUE DATE   SERVICE   TIME
 
     0       74       79          0            0        1236          0
     1       28       44         30          655         939         82
     2       50       71         20          160         244         88
     3       83       72         20           47        1163         88
     4       63       73         20           13         116         82
     5       45       72         10          374         409        107
     6       30       40         20          689        1078        101
     7       72       58         10          785         948         74
     8       38       78         30          685         749        110
     9       52       65         10          273         298        105
    10       94       65         10          228         794         81
    11       52       68         20          585         606        103
    12       68       16         10          671         922         74
    13       77       67         10           12         400        110
    14        6       76         10          375         663         97
    15       48       70         10           28         562         96
    16       72       69         10           10         385         74
    17       27       56         10          134         279        106
    18       31       67         10           45         248         71
    19       57       60         10          349         447         80
    20       81       62         10          136         490         76
    21       91       67         20          677        1109        101
    22       34       66         10           43         176         78
    23       54       16         40          442         613        106
    24       63       21         40          628         758         96
    25       20       59         10          117         883         71
    26       57       56         10          527         598         70
    27       56       24         20           58         458         72
    28       77       40         30           39         205         94
    29       87       25         20          899        1025        102
    30       39       24         30          907         956         80
    31       82       54         20          389         560        104
    32       77       55         20          312         481         72
    33       63       30         10           50         268        102
    34       71       23         20          489         521        107
    35       23       40         10          632         748        101
    36       43       41         20          185         687         98
    37       60       76         30           15          16        104
    38       27       69         10           48         282         72
    39       74       61         20          329        1236         78
    40       53       85         10          640        1110         75
    41       53       75         20           22         458         90
    42       12       80         10          402         421        100
    43       86       67         40          144         481         95
    44       46       36         10          159         493        104
    45       76       42         40          384         477         76
    46       21       44         30          571         603         99
    47       21       86         20          599         877         78
    48       48       40         30           58         423         81
    49       75       56         30           22         473         98
    50       21       70         40           54         293        109
    51       79       27         10          253         365         94
    52       58       77         20           16         609         72
    53       49       57         10          367         915         95
    54       59       89         20          876        1038         72
    55       82       65         10           16         459        105
    56       92       51         20          566         806         98
    57       39       46         20          375         903         77
    58       16       73         10          227         254         74
    59       82       71         20          592         797         77
    60       84       47         20          157         468        109
    61       64       52         30          500        1003         88
    62       72       39         10          547         643        101
    63       54       15         20          578         694         95
    64       77       67         40           12          60         93
    65       20       54         10          364         475         76
    66       79       66         10           14         374        108
    67       81       50         10           29         543         82
    68       91       59         20          691         893         93
    69       25       52         10          211         421         98
    70       48       42         20           45         449         96
    71       55       22         20          259         396        108
    72       72       44         10           35         140         76
    73       62       34         30          542        1090         90
    74       78       48         20          291         880         86
    75       15       75         10          254         380         89
    76       56       35         10          653         819         75
    77       67       29         10          722        1102         75
    78       58       60         10          309         648         81
    79       41       68         10          394         613         82
    80       19       59         40          801        1047         87
    81        8       90         10          460         799         94
    82       62       37         10          677         736         95
    83       79       45         20           34         194         86
    84       54       19         20          385         493         86
    85       22       87         40          787         848         79
    86       39       39         30          502         574         94
    87       76       27         10           51         518         83
    88       67       23         10          468         765         71
    89       62       44         50          771         847         87
    90       78       62         20          152         288         89
    91       55       72         40           67         138         79
    92       91       70         10          278         549         93
    93       73       24         30          392         429         93
    94       64       16         20          565         917         98
    95       66       21         10          500        1189         96
    96       63       54         20           27         196         96
    97       76       40         20          475         543         83
    98       37       85         10          686         980        101
    99       75       50         10           29         275         92
   100       56       31         30          761        1020         87
