_C002

VEHICLE
NUMBER     CAPACITY
  25         200

CUSTOMER
CUST NO.  XCOORD.   YCOORD.    DEMAND   READY TIME  DUE DATE   SERVICE   TIME
 
     0       36       23          0            0        1236          0
     1       62       76         10           59         430         76
     2       56       55         40           38         266         95
     3       25       73         20          829         852         86
     4       86      100         10          567        1226        107
     5       27       21         10            9         302         83
     6       34       73         10          591         652         99
     7       87       80         10          591         632         88
     8       74       62         20          123         152         96
     9       64       46         30           55         800         94
    10       90       62         30          707         791         89
    11       32       69         50          252         766        108
    12       52       68         50          566         604         84
    13       49       33         40           17          34         77
    14       17        0         10          472         732         97
    15       60       32         10          104         105        104
    16       65       55         10          734        1030         72
    17       66       31         20          580         837         88
    18       23       26         10          639        1186        106
    19       68       16         30          813         997        100
    20       87       68         20          559        1078        110
    21       81       23         20          290         585         91
    22       88       61         10          648        1222         96
    23       54       59         10           41         486         82
    24       60       37         10           28         483        108
    25       81       20         30          498         565         85
    26       61       49         20          244         805        100
    27       78       31         20          628        1236         86
    28       71       77         10           64         130         92
    29       95       86         10          731         831         99
    30       41       57         10           35         511         90
    31       74       88         20          176         344        106
    32       83       74         20          506         529         87
    33       77       68         10          418         503         96
    34       68       52         40          178         407         84
    35       42       53         10           31          77         86
    36       58       31         30           24         145         88
    37       79       41         10          421        1236         75
    38       39       62         10          189         618         74
    39       90       84         30          629         781         97
    40       72       36         10          433         635         96
    41       47       61         10          249         350         97
    42       51       53         10           34         276         71
    43       95       80         10          421        1236         83
    44       87       58         20          597        1088         78
    45       31       23         30            5         194        101
    46       79       33         30          115         336        104
    47       71       52         10          269         491         80
    48       71       49         20          367         560         97
    49       68       70         10          202         293         75
    50       78       74         10          520         608         81
    51       49       80         10          944         958         76
    52       89       67         40          492         831         81
    53       46       66         30          254         352         97
    54       25        9         20          304         405        106
    55       27       18         10          161         230         78
    56       72       84         10           71         348         92
    57       82       98         20          989        1025         98
    58       73       46         20          359         767        108
    59       78       23         10          338         341         94
    60       68       41         10           37         408         80
    61       82       78         10          324         603         95
    62       73       88         40          367         368         83
    63       86       70         10          619         688        109
    64       77       73         40          266         858         86
    65       62       69         10          563         985         97
    66       24       11         20          103         460         71
    67       58       49         10           34         346         86
    68       72       60         10          457         823        105
    69       75       45         10          543         804         94
    70       14       15         10          810         820         88
    71       80       64         40          141         555        107
    72       63       41         10           33         750        104
    73       72       18         20          524        1111         83
    74       38       63         10          281         536         92
    75       84       72         10          345         506         90
    76       15       14         20          693         734         95
    77       78       37         10          524        1028         83
    78       49       31         50           16         197         80
    79       78       66         30          203         276        107
    80       34       76         20          484         963        107
    81       61       73         10           56         165        104
    82       36        9         10          368         576        109
    83       66       43         40           37         449        100
    84       60       37         10           28         533        101
    85       81       64         10          594         914        101
    86       73       38         10           77         180         89
    87       54       75         30          661         690         88
    88       69       50         20          390         485         80
    89       70       65         20          877        1020         96
    90       82       17         30          497         741         82
    91       43       63         10           52         384         80
    92       50       68         40          445         534         93
    93       83       72         10          309         366         86
    94       66       48         20           40         420         79
    95       71       24         10          717         893        103
    96       81       15         50          475         931        104
    97       67       65         10           52         321         77
    98       68       34         10          632         637         70
    99       60       50         10          823         958         83
   100       66       45         10          262         397        102
