_C008

VEHICLE
NUMBER     CAPACITY
  25         200

CUSTOMER
CUST NO.  XCOORD.   YCOORD.    DEMAND   READY TIME  DUE DATE   SERVICE   TIME
 
     0       48       58          0            0        1236          0
     1       31       25         30           37         115        104
     2       37       67         10          615         661        109
     3       30       50         30           20         234         97
     4       23       70         10          627         808        101
     5       28       22         20          279         376         90
     6       30       19         10          228         238        107
     7       22       36         10           33         146         96
     8       28       56         20          895        1001        105
     9       25       58         20          561         771         79
    10       45       45         30          278         356         90
    11       69       54         50          850         982         99
    12        7       79         10          606         746         78
    13       22        3         10          625         883         78
    14       27       75         10          784         808        109
    15       34       56         10           14         120         87
    16       21       73         10          207         387         77
    17       31       55         30           61         147         83
    18       23       60         20          286         288         86
    19       24       48         10          200         244         95
    20       21       69         10          598         607        107
    21       33       81         20          332         563        109
    22       34       46         10           18          25         96
    23       42       76         10          770         854         98
    24       93       58         10          710         720         83
    25       17       61         10          376         382        104
    26       26       74         10          662         769         79
    27       15       73         20          359         400         74
    28       32       64         10          901         934        109
    29       15       69         20          433         550        105
    30       30       70         10           21          46         82
    31       69       69         30           62         200         97
    32       20       71         10          196         216         89
    33       23       70         10           27          34         83
    34       45       67         10          523         573         81
    35       30       19         10          246         597         75
    36       25       81         10          227         320         92
    37       18       89         20          377         770         88
    38       19       62         10          532         603         90
    39       24       35         10          365         510         79
    40       22       27         10          113         163        108
    41        6       58         20          567         907         96
    42       39       19         30          786         883        106
    43       32       80         20          693         759         74
    44       26       78         20          368         536         95
    45       15       46         20          505         556        104
    46       28       54         20          418         434         83
    47       63       72         10          244         285         78
    48       13       68         20          835         917         81
    49       70       82         20          419         440         81
    50       26       55         10          131         254         88
    51       33       20         20          144         150         83
    52       25       12         10          494         676         81
    53       65       53         10          764        1028         96
    54       35       16         10          441         564         72
    55       17       79         20          649         888         84
    56       22       17         30          497         551         98
    57       66       71         10          309         372         77
    58       25        7         10          615         726         79
    59       22       82         10          332         771         78
    60       54       77         10          300         405         70
    61       25       17         50          303         560         89
    62       81       66         10          568         689         72
    63       31       60         10          503         529         81
    64       21       17         10          585         660        110
    65       67       68         50           22          88        107
    66       23       82         10          826         890         79
    67       32       52         20           17         198         82
    68       23       66         10           56         168         89
    69       35       53         10          107         113        104
    70       29       71         20          320         364        102
    71       34       67         10          123         248         75
    72       12       74         20          816         882         75
    73       14       50         10          576         702         87
    74       42       74         20          375         496        105
    75       16       73         20          574         955        105
    76       32       81         20          333         410         74
    77       72       53         10          777         864         93
    78       42       13         20          875        1020         76
    79       79       76         50          516         527         97
    80       24       43         10          292         353        107
    81       36       48         10          216         223         88
    82       23       75         30          164         223         73
    83       37       82         10          680         845         93
    84       27       18         20          284         402         86
    85       16       69         20          426         491        102
    86       47       55         10            3          62         84
    87       70       72         20          201         261        105
    88       26       13         20          684         793         81
    89       54       62         10            8         204         76
    90       20       13         30          788         897         82
    91       36       69         10          181         345         71
    92       26       87         10          563         709         81
    93       37       54         30           11          63         96
    94       20       72         10           31         253         76
    95       17       59         30          752         911         74
    96       57       72         10          167         200         75
    97       27       25         10          212         291         73
    98       22       47         10          889         949        105
    99       25       66         20          531         679        108
   100       36       54         30           12         135         72
