_C004

VEHICLE
NUMBER     CAPACITY
  25         200

CUSTOMER
CUST NO.  XCOORD.   YCOORD.    DEMAND   READY TIME  DUE DATE   SERVICE   TIME
 
     0       41       22          0            0        1236          0
     1       57       52         10           50         343         90
     2       70       46         10           38         370         80
     3       68       67         10          623        1032         97
     4       25       45         20           27         559         75
     5       81       56         10          690         861        107
     6       56       37         30          632         954        106
     7       43       68         40          519         800         77
     8       76       50         20          386         483         83
     9       69       46         20          182         273         94
    10       68       60         20          411         645         99
    11       32       53         50          275         658         88
    12       69       48         10          214         522         76
    13       64       45         10          202         372         74
    14       35       64         10          731         910        110
    15       94       61         20          423        1236         88
    16       31       27         10          591        1034        105
    17       32       43         20          793        1004         89
    18       51       42         10           22          93        107
    19       69       23         40           29         489         74
    20       54       45         10           26         170         75
    21       35       54         10          509         605        107
    22       61       22         10           20         267        108
    23       63       47         10           33         288         83
    24       75       37         10          604         774         84
    25       66       59         10          423         452         88
    26       35       17         10           84         242         87
    27       59       63         10          569        1236         78
    28       72       58         10          465         616        106
    29       64       53         10           39         930         80
    30       68       28         10          216         371         98
    31       83       43         10          450         540         73
    32       84       54         10          157         469         72
    33       44       41         10          466        1236         96
    34       49       48         10           27         157         84
    35       88       47         20          124         662         96
    36       61       44         50          158         265         74
    37       39       30         40            8         335        108
    38       71       62         10          218        1044        100
    39       53       58         20           38         428        105
    40       72       56         10           99         158         75
    41       58       43         20           27         287         83
    42       47       51         20          259         404         85
    43       90       39         30          774         803         91
    44       80       31         30          281         698         82
    45       34       16         10          179         323         72
    46       56       53         20           34         163         85
    47       44       11         30          342         657         80
    48       56       50         10           32         206         85
    49       53       26         40           12         407         78
    50       36       14         10          137         515         80
    51       47       46         50          723         849         95
    52       52       44         20           25         519         86
    53       63       50         10          294         768         84
    54       59       39         20          496         900         91
    55       40       56         10          297        1123        101
    56       26       47         20           79         507         85
    57       45       56         30          610         614         94
    58       66       42         20           33          35        109
    59       24       48         30          283         555         91
    60       79       46         10          567         579        106
    61       37       44         10          595         754        102
    62       41       22         10            1         403         72
    63       82       37         10          873         973         87
    64       26       31         10           17          59         98
    65       75       66         10          591         719        109
    66       66       64         10          557         915         88
    67       16       47         10          586         654         74
    68       60       56         30          159         519         92
    69       50       59         10          139         851         75
    70       56       56         30          113         132        100
    71       57       51         10          608         780         90
    72       56       59         10           40         550         99
    73       76       49         10          185         471        105
    74       55       60         10          361         427         95
    75       49       54         10          202         638         94
    76       70       54         10          835         896        100
    77       62       35         10          516         664        104
    78       52       47         10          173         267        105
    79       82       52         20          552        1223         71
    80       71       59         10           48         380         92
    81       25       36         30           21         308         79
    82       45       51         10          765        1007        104
    83       52       70         40          578         914         96
    84       51       58         30          321         717         87
    85       25       51         40          379         383         78
    86       71       32         30          199         594         84
    87       14       47         10          613         778         98
    88       30       35         20           32         221         78
    89        8       51         10          663         937         74
    90       41       64         30          893        1008        106
    91       64       59         20          731         858        101
    92       48       62         10          541         607         78
    93       40       22         40            0          38         82
    94       26       43         10          109         300        109
    95       52       13         20          565         609         98
    96       23       54         20          492         539         94
    97       49       36         10          178        1236         82
    98       38       10         20          301         520         82
    99       60       53         30          609         629         72
   100       24       47         10           30         731         99
