_C003

VEHICLE
NUMBER     CAPACITY
  25         200

CUSTOMER
CUST NO.  XCOORD.   YCOORD.    DEMAND   READY TIME  DUE DATE   SERVICE   TIME
 
     0       60       60          0            0        1236          0
     1       26       86         40          750         799         76
     2       20       21         10          709         728         97
     3       51       62         10          149         215        103
     4       43       61         30          237         360         79
     5       57       42         10           18         233         81
     6       54       46         20           36         196        109
     7       31       12         10          159         162         81
     8       63       22         10          496         559         87
     9       19       52         20          355         474         87
    10       55       37         10           99         149         80
    11       40       43         10          779         881        101
    12       55       38         20          898         918        101
    13       25       58         20          231         411         85
    14       46       57         30          163         217        103
    15       30       94         10          815         904         79
    16       25       58         10          245         255         70
    17       38       31         40          421         611         93
    18       43       29         10          790         893        110
    19       26        2         10          241         263         72
    20       13       48         10          687         697         78
    21       44       37         20          547         606         91
    22       25       39         30          699         725        102
    23       36       76         20          236         367         74
    24       53       46         20          727         900         86
    25       64       40         10          500         510        100
    26       49       28         10          723         784         85
    27       36       72         10          195         245         78
    28       58       67         10           26         165         78
    29       88       53         10          460         501         86
    30       21       45         10          578         600         89
    31       51       28         10          207         221        104
    32       68       54         20           25         182         96
    33        6       59         20          765         793         98
    34       26       59         10           34         153        109
    35       29       33         10          596         641         86
    36       60       47         30          355         467         86
    37       40       40         20          668         704        107
    38       51       37         30          227         241         80
    39       57       38         10           23          79         99
    40       24       79         30          868         938        100
    41       71       48         10          137         275         74
    42       58       66         10            6          58         89
    43       69       46         10          257         310         78
    44       79       30         10          983         990         77
    45       67       62         10            7          34         89
    46       41       32         10          420         444         82
    47       54       23         20          401         563        102
    48       76       70         10          556         793        106
    49       46       31         10          209         441        102
    50       40       65         10          350         414         81
    51       18       12         10          397         448         81
    52       52       54         10           52         155         80
    53       56       30         10          388         410         75
    54       33       69         10           34         181        108
    55       83       64         20          556         603         86
    56       38       65         40           23          42         79
    57       25       60         10           89         199        104
    58       17       77         20          661         692         86
    59       45       38         30          930         946         71
    60       50       36         50          292         337         76
    61       66       72         20          824         832         96
    62       26       31         30          774         846        101
    63       50       23         30          776         910         78
    64       20       25         30          779         861        107
    65       52       30         10          616         842        104
    66       47       57         10          195         387        104
    67       63       33         10          289         300         79
    68       53       18         10          539         638         72
    69       35       20         10           48          52        105
    70       43       73         10          439         503         82
    71       33       78         20          795         809         95
    72       58       25         20          536         707        100
    73       48       32         30          647         700         75
    74       50       70         10          534         588        101
    75       65       27         10          295         352        108
    76       77       51         30          308         433         99
    77       62       56         30            5          80         88
    78       70       38         50           96         158        105
    79       37       86         30          863         950         91
    80       59       45         30           16          45        100
    81       30       76         10          444         521        103
    82       50       40         10          338         439        100
    83       63       38         10          175         239         82
    84       44       44         20          489         502         75
    85       68       32         40          206         271         80
    86       66       25         10          379         488         90
    87       12        8         20          465         556         90
    88        7       17         10          543         679         93
    89       19       12         10          263         407         86
    90       25       23         10          905         933        101
    91       53       63         10          658         683        107
    92       21       46         40          474         543         80
    93       66       61         10          691         744         99
    94       51       52         30           12          16         97
    95       67       60         20          578         672         91
    96       25       75         10          562         619         78
    97       34       77         10          343         410        102
    98       51       74         30          937         940        108
    99       59       45         10           15          54         99
   100       20       29         40          925         936        107
