_C010

VEHICLE
NUMBER     CAPACITY
  25         200

CUSTOMER
CUST NO.  XCOORD.   YCOORD.    DEMAND   READY TIME  DUE DATE   SERVICE   TIME
 
     0       27       74          0            0        1236          0
     1       73       49         30          157         162         96
     2       23       56         10           19         395         86
     3       41       49         30          544         742         87
     4       52       63         10          356         977         94
     5       83       44         10          605        1147        100
     6       20       62         20           14        1014         93
     7       61       40         20          103         170         90
     8       51       37         10           44         878         99
     9       70       32         30          280         611         98
    10       37       52         30           24         339        103
    11       61       34         10          652         829         73
    12       50       58         20          752         820        100
    13       53       27         20          488         541         91
    14       24       23         20          466        1110         73
    15       23       67         50            9         114         97
    16       18       29         20          510        1236         99
    17       41       48         10           30         644         91
    18       52       49         10          652         699        102
    19       75       26         30          688        1190         82
    20       35       51         50          393         517         78
    21       35       31         10          325         760         84
    22       66       42         10          186         278         86
    23       82       21         20          626         884         98
    24       69       30         10          414         928        104
    25       33       48         10           27         291         99
    26       48       59         30          419         748         77
    27       51       48         30           35         168         85
    28       25       68         30           55         289         76
    29       74       38         20          291         728         97
    30       28       71         10            3         351         80
    31       60       37         30           49         273         91
    32       18       68         10           11         198        102
    33       21       25         10          310         729         97
    34       73       42         30          155         372         82
    35       45       19         20          750        1013         83
    36       69       31         30          290         520         96
    37       80       26         10          331         985         92
    38       32       58         40           16         738         74
    39       43       39         20          855         981        105
    40       73       38         20          292         644         91
    41       55       46         40           40         340         89
    42       25       63         10           11         239         78
    43       38       24         20          581         658         85
    44       18       73         20           10          16         83
    45       30       40         30          367         537         81
    46       11       77         30          301         478         93
    47       18       25         20          685         701         88
    48       22       48         10          799        1012        106
    49       76       45         10           57        1186        108
    50       51       41         40           40         472         79
    51       24       45         40          670         824         74
    52       68       30         40          563         573        101
    53       30       37         10           37          84        110
    54       41       45         10          608         676        105
    55       45       61         20          303         715         71
    56       23       35         20          294         373         80
    57       66       40         10          327         451         72
    58       58       33         20          695         939        103
    59       49       44         10          112         137         93
    60       40       51         10           26         249         91
    61       65       38         10          104         485         92
    62       81       45         10          496        1091         80
    63       54       61         10          619        1163         94
    64       21       23         40          444         793         71
    65       21       29         20           46         867         96
    66       25       35         40          665         935         99
    67       14       69         10           15         458         97
    68       41       58         10          299         542         83
    69       43       69         10          517        1026        103
    70       12       59         20          540         890         99
    71       26       28         10          422        1014         75
    72       42       46         20          223         380         78
    73       40       41         30          354         414         95
    74       19       43         30          641         895         82
    75       30       34         10          104         196         75
    76       48       33         20          381         601         76
    77       33       60         10          248         273         77
    78       69       34         10           58         679         89
    79       84       40         20          864         881         94
    80       10       68         20           80         529         77
    81       49       30         20          339         482         98
    82       32       52         10          277         464         81
    83       27       67         50            7         355         82
    84       27       52         50          113         461         79
    85       72       28         10          330         765        101
    86       23       62         30          549         641        108
    87       49       48         10          209         955         90
    88        9       56         20          725         911         72
    89       30       50         30           24         152         80
    90       60       39         30           47         290         76
    91       32       47         30           28         486        104
    92       19       41         10          623        1080         73
    93       86       47         30          746        1202        109
    94       33       56         20          478         599         94
    95       17       59         10          750         923         91
    96       28       46         10          271         412        104
    97       64       37         20           52         550         71
    98       28       33         20           44         410        101
    99       70       35         10           58         753         75
   100       62       47         30           44         107        104
