_R008

VEHICLE
NUMBER     CAPACITY
  25         200

CUSTOMER
CUST NO.  XCOORD.   YCOORD.    DEMAND   READY TIME  DUE DATE   SERVICE   TIME
 
     0       31       26          0            0         230          0
     1       25       14         30           46         230         10
     2       66       52         31           44         230          9
     3       52       92         23           70         211         10
     4       62       31         34           32         136         10
     5       40       13         18          109         225         10
     6       19       14          8           16          83          9
     7       81       70          7           67         205         10
     8       53       37          9           25          69         10
     9       67       81          9           66         199         10
    10       88       55         13           64         183          9
    11       82       51          9          130         172         10
    12       47       87         24           69         211         10
    13       39       40          6           77         147         10
    14       30       52         25          121         205         10
    15       54       66         14           92         195          9
    16       43       22         28          144         215         11
    17       87       35         21           57          84          9
    18       92       21         37           90         199         10
    19       56       54         18          134         145          9
    20       83       14         12           54         230         10
    21       91       53         24           66         104         10
    22       59       51         27           37          85         11
    23        4       50         18           36         215         10
    24       26       34         23           74         188         10
    25       65       50         19           42         120          9
    26        9        7         13           67         184          9
    27       19       19         13           14         205         10
    28       61       18         37          102         146         10
    29       88       21         28           58         230         10
    30        9       88          4           65         230         11
    31       30       43         39           64         100         10
    32       96       94         29           94         160         11
    33       71        7          3           66         114         10
    34       59       99         30           97         139         11
    35       95       11         24          127         145         10
    36       40       32         37          170         177         10
    37       13       69         20           47         208         11
    38       27       34         21           49         230         10
    39        9       50         13           32         206         11
    40       16       43         13           23         230         10
    41       14       95         25           71         124          9
    42       14       52         34           90         145         10
    43       20        8         36          107         199         10
    44       20        5         31          102         230         11
    45       14       49         25          114         230         11
    46       65        9         21           39         192          9
    47       44       58         14           35          60          9
    48       23       37         31           13          24          9
    49        7       22         13          162         166         10
    50       47       99         11           75         161          9
    51      100       98         35          100         177         10
    52       42        8         24          174         205         10
    53       32       24         15          175         205         11
    54        1       10         35          118         205         10
    55       45       34         39           17          48         10
    56       18       72         13           47          87          9
    57       36       85         21           74         184         11
    58       24       54         20           29         200          9
    59       18       50         29           46         230          9
    60       15       16         39           98         138          9
    61       61       26         22          153         218         11
    62       17       93         32           68         155          9
    63        4       57         24           40         116         10
    64       55       25         36           24         153         10
    65       45        9         17           24         200         11
    66       72       22         16           95         150          9
    67       19       31         17          127         181          9
    68       90       80         40           81         187         10
    69       95       65         25           86         138          9
    70       66       48          7           42         170         10
    71       91       51          2           86         196         10
    72       36       64         21           53         110         10
    73       55       12         33           97         196          9
    74       39       31         20           41          59         10
    75       85       38         23           82         143          9
    76       82       44         32           55         154         10
    77       75       14         21           64          75          9
    78       92       48         37           66          97         11
    79       26       24         26           56         230         10
    80       27       37         30           11          46          9
    81       72       95         32           80         159          9
    82       67       55         26          163         165         10
    83       45       83          3          131         167          9
    84       85       29         18           73         119          9
    85       95       40          6          108         153         11
    86       80       97         21           95         101         10
    87       70       16          6           41          45          9
    88       59       12         21           69         154         10
    89       79       28         14           48         136         10
    90       70       91          1           76         141         11
    91       18       39          5           18         192          9
    92       65       42         21           38         122         10
    93       17        3          4           27         104         11
    94       41       65         35          128         206          9
    95       57       16         31           29         216          9
    96       45       37         29           18         228         10
    97       27       73          7           47         117         11
    98       31       54         32           67          88         10
    99       92       54         26           92          96         10
   100       62        7         16           36         230         11
