_R003

VEHICLE
NUMBER     CAPACITY
  25         200

CUSTOMER
CUST NO.  XCOORD.   YCOORD.    DEMAND   READY TIME  DUE DATE   SERVICE   TIME
 
     0       75       55          0            0         230          0
     1       42       62         40           80          86          9
     2       93       98          1          118         145         10
     3        7       14         25           83         104         10
     4       79       27          2           51          60          9
     5       88       66         38           38          67          9
     6       11       83         28          106         114          9
     7       18       42         37          104         118         10
     8       55       50         23          179         220          9
     9       69       65          4           94         116         11
    10       99      100          2           51          82         10
    11       52       10         14           75          80         11
    12       73       98         30           43          88         11
    13       32       46          7          101         111          9
    14       42        5         35          102         113         10
    15       67       35         10          165         168         11
    16       79       83         20          131         180         10
    17       82       42          9           99         174         10
    18       32       75         19           97         156         10
    19       80       49         19          128         160          9
    20       89       14          1          158         186         10
    21       88       10         23           84         116         11
    22       15       53         32           89         131         11
    23        7        5         38           85         132          9
    24        0       44         14          124         128         10
    25       77        3         36           74          84         10
    26       65       82         36          146         152         11
    27       17       15         40           71         127          9
    28       86       82         15          176         189         11
    29       54       82         35           57          72         11
    30        9       39         23          111         115          9
    31       74       26          3          140         166          9
    32       75       50         11           27          56         11
    33       75       46         27          101         111          9
    34       37       22          7           73          93         10
    35       21       75         18           61          82         11
    36       12        9         31          117         129         10
    37       18       18          6          103         114         10
    38       82       40         20          145         168         10
    39       99       14          9           95         113          9
    40       65       45         22           38          82         11
    41       39       88         10           67          74         10
    42       98       87         39           60         130          9
    43       19       22          4          100         166         10
    44       66       29         39           71          73         11
    45       73       57         32           82         112          9
    46       55       83         35           62         118         11
    47       71        3         35          128         152         10
    48        5       60          8          104         115         11
    49       49       26         38          140         182         11
    50       42       76         24          122         129         11
    51       83       56         39          186         200         11
    52       39       27         36           86         125          9
    53       52       31         24           33          70         11
    54       56       68         15          100         118         10
    55        7        0          5           97         129         10
    56       21       89          5          107         173         11
    57       65       17         16           58          83         11
    58       89       47         33          160         191         10
    59       48       94         21          152         161         10
    60        6       22         20           94         102         10
    61       59       20         10           55         100         10
    62       68       21         23          147         206         10
    63       10       21         26          105         123         10
    64       42       18         40           50          96          9
    65       13       86         30           69          84          9
    66       32       36         25           75         120         11
    67        6       36         37          112         136         10
    68       26       61         17           57          84         11
    69       21       89         38           82          95         10
    70       93       10         15           52          79          9
    71       11       12          6          115         146          9
    72       62       12         17           62         100          9
    73       85       75          6           57          81         11
    74       82       53          5           96         106          9
    75      100        4         36          134         145         10
    76       40       32         32           69         117         11
    77       95       58          9           57          67         11
    78       81       17         34           84         157          9
    79       98       50          3           23          49          9
    80       49       97         12          104         122          9
    81       38       40         29           51          55          9
    82       58       13         13          104         181          9
    83       32       19         30           60          93         10
    84       10       87         35           80         126         11
    85       59       36          3          169         174         10
    86       41       43          1          132         144         10
    87       63       93         38           93         103          9
    88       93       39         21          157         209         11
    89       33       45         21          139         141         10
    90       57       46         19           21          59         11
    91       66       55         18           45          55         11
    92       32       35         28           97         114         10
    93       38        9         24          137         145          9
    94       17       72          7          135         145          9
    95       39       21         26           82          83         10
    96       56       76         27           39          61         11
    97       26       83          5           57         148         10
    98       93       60         16          168         179         11
    99       67        5         32           50          64         10
   100       95       39         25          122         147          9
