_R004

VEHICLE
NUMBER     CAPACITY
  25         200

CUSTOMER
CUST NO.  XCOORD.   YCOORD.    DEMAND   READY TIME  DUE DATE   SERVICE   TIME
 
     0       58       72          0            0         230          0
     1       92       85         17           75          79         10
     2       85       23         38           95         149         10
     3        5       87         13           88         165         10
     4       31       62          9           29          64         11
     5       76       13         16          102         109         10
     6       78       94         22          159         161         10
     7       73       44         27           99         131         10
     8       88       53         34           35          42         10
     9       74       82          9           66          98          9
    10       75       29         13           51          67          9
    11       12       24         38          144         153         10
    12       50       51         18          126         129         10
    13       58       40         10           71          83          9
    14       79       91         40          121         142         10
    15       25       74         18          174         192         10
    16       68       52         40           91         109         10
    17       19       80         37           40          89         11
    18       96       72         37          178         182         11
    19       92       98         24           79         128         10
    20       35       64         32           54         106          9
    21       47       99         39          174         201         10
    22        9       41         11           68          75         10
    23       88       28          2           97         124          9
    24       79       38         13           90         109          9
    25       98       88         26           95         127          9
    26       30       77         22           69          72         10
    27       34       61          4          140         200         10
    28       66       83         23           15         121          9
    29        2       22          7           92         112         11
    30       71       56         21          185         205         11
    31       50        6         24           85         101          9
    32       35       87         26           77         107         11
    33        3       40         17          107         148          9
    34       95        5         17          115         127         11
    35       75       26         28           79         105         11
    36       87       75         30          131         162          9
    37       89       22         33           75         116         11
    38       53       78         14          114         134         11
    39       25       23         17          127         173         11
    40        3       96         14           61          89         11
    41       71       64         22           15          97         10
    42       74       53          6          152         154          9
    43       48       45         18          149         169         11
    44       64       20          8          110         135         10
    45       89       81         22          114         173         10
    46       35       58         35           78          89         10
    47       14       97         40          106         118         10
    48       90       92         18           44          83          9
    49       33       17          3           60          72         10
    50       21        9         10           86         100          9
    51       12        7          5           79         126         10
    52       99        7         31           93          96         11
    53       13       83         40           70          72         10
    54       58       77         23           42         130         10
    55       63       88          8           70          87         10
    56       64       52          1           20          48         11
    57       71       45         40          130         172         10
    58       35       47         13          173         177         10
    59       17       80          5          102         127          9
    60       26       15          8          131         139          9
    61       25       84         11          158         164         10
    62       33       69         27           97         100         11
    63       86        8         36          117         152         10
    64       77       31         12          130         203          9
    65       22       69         28          176         187         11
    66       91       30          3           53          78         10
    67       57       29          1           43          53         11
    68       55       62          3          142         199          9
    69       61       62         37          165         198         10
    70       14       69         24           73          89         11
    71       67       68         33           10          37         10
    72        7       45          1           75          95         10
    73       41        9          1          102         104         11
    74       22       44         34           76          85          9
    75       74       24          5           90         113          9
    76       83       55          7           94         127         10
    77       76       47         21           71          72         10
    78       50       62         25           13          87          9
    79       93       49         10          111         128         10
    80       53       60         18          171         175         11
    81       74        7         27          144         159         10
    82       52       48         18          174         207         10
    83       92       49         16           55          65         11
    84       47       96          3           49          62         10
    85       45       18         19          117         121         11
    86       22       10         33           88         198         10
    87        0       43         26          101         130         11
    88       77       73         36           19          49         10
    89        3       57          6          137         152          9
    90       15       94          1          110         112         11
    91       17       63         22          115         149         10
    92       33       64          8          179         188          9
    93       41       76         24           45          59          9
    94       23       91         37          108         136         10
    95       50       76         14           88         109          9
    96       85      100         22           39          80         10
    97       22       29         28           96         121          9
    98       25       26          7           56         123         10
    99       58       99         36          166         196         10
   100       99       53          9           69         103         10
