_R005

VEHICLE
NUMBER     CAPACITY
  25         200

CUSTOMER
CUST NO.  XCOORD.   YCOORD.    DEMAND   READY TIME  DUE DATE   SERVICE   TIME
 
     0       66       26          0            0         230          0
     1       42       19          7           55         181         10
     2       90       25         37           79         210          9
     3       71        7         38           22          62          9
     4        4       65         30           74         142          9
     5       34       66          5           51          85         10
     6        9       95          3           89         103         11
     7       75       88          3           74         114         10
     8       14       32         28           85         125          9
     9       37       54         34          143         153          9
    10       30        6         26           93         170         10
    11       37       25         11          117         230         11
    12       39       20         31           72         118         10
    13       26       63          3          145         175         11
    14       39       35         34          108         166         11
    15       53       77         36          122         157          9
    16       38       59         29           43         137         10
    17       97       52         36           54          91         11
    18       91       79         24           91          99         10
    19        6       43         19           64         218          9
    20       70       99         13          116         144         11
    21       46        9         37           78         140         11
    22       56       13         28          123         230         10
    23       75       51          8          175         179         10
    24       72       87         39           93         217          9
    25       63       61          3          139         208         11
    26       75       84         24           86         118         10
    27       87        4          8           68         103          9
    28       56       22         27           35          82         10
    29       86       65         17          102         116         11
    30       42       19         18          118         146         11
    31       34       70         27           67         138         10
    32       20        9         31           48         125          9
    33       89       76         16           56         113         11
    34       20       29         40          130         155         11
    35       97       71         20          113         187         10
    36       61       31          7          137         230         10
    37       30        4          1          128         174         10
    38       73        4          9           91         230         10
    39        0       73         28           81         132          9
    40       95       76         22          106         166          9
    41       47       49         14          169         190          9
    42       44       32         20           83         159         11
    43       52       43         34           22         114          9
    44       60       90         23           93         108          9
    45      100        8          3           40         106         10
    46       38       18          2          153         168          9
    47       35       29         20           31          91          9
    48       17       76         17           77         138         10
    49       50       92         35           91         120         10
    50        3        7         24           82         132         10
    51       40        8         31           76         144         11
    52       26       99         24           83         189          9
    53       21       20         14           64         114         11
    54       57       50         27          161         177         11
    55       58       38         25          120         131         11
    56       83       14         29           99         206         10
    57       43       69          8          129         132         10
    58       87       37         26           76         148         10
    59       57        7         12           89          99         10
    60       17        7         32          123         211          9
    61       73       29         32            7          22         11
    62       72        7         25          155         198         10
    63       86       84         38          110         116         11
    64        9        2         22          105         176         10
    65        6       85          2          103         115          9
    66       23       55         25           59          97         10
    67       43       80         32           59         213         10
    68       49       50          5           30         139         10
    69       99       15          5          134         195         10
    70       83        5         11           89         132          9
    71       48       89         34           65         101         10
    72       67       69         22           95         128         10
    73       26       42         40           64         116         11
    74       37       52         35           39         116          9
    75       46       33         23          157         165         10
    76       31       25         28           84         104         10
    77       37       15         14           31          56         10
    78       87       60          4           65         170         10
    79       13       69         16           73         109         10
    80       85       24         24           38          65         11
    81       15        1          8          114         151         10
    82        5       76          9           79         102         10
    83       99        4          1           56          72          9
    84       75        7         30           60         111         10
    85       59       76         36           70          80         10
    86       36        1         34          101         119          9
    87       60       99         16           74         160         10
    88       26       19         24          118         194         10
    89       12       56         39          133         160         10
    90       60       79         24          116         187         10
    91       75       89         12          120         131         10
    92       81       25         14          108         171         10
    93       56       30         30           11          72          9
    94       33       93         18           75         124          9
    95       68       97         34           99         112         10
    96       42       54         35           54         230         11
    97       49       11          2           47          55          9
    98       24       53         29          130         182         10
    99        7       93         15           90         162         11
   100       12       20         21          124         129         11
