_R009

VEHICLE
NUMBER     CAPACITY
  25         200

CUSTOMER
CUST NO.  XCOORD.   YCOORD.    DEMAND   READY TIME  DUE DATE   SERVICE   TIME
 
     0       75       33          0            0         230          0
     1       38       49         31          154         161         10
     2       55        2         13           77         124         11
     3       84       97         34           65          96         11
     4       65       66         19          102         213         10
     5       53       33          9           72         116         10
     6       15       58         34           94         115         10
     7        4       82         23           86         139          9
     8       42       41         33           98         125         10
     9       33       97         19          102         109          9
    10       17       15          6           84          94         10
    11       17       66         28           96         132          9
    12       99       24          5          136         156         10
    13       91       28         27          119         162         11
    14       65        4         17           83         109          9
    15       50       65         32           45          86         10
    16       54       24         35          138         180         11
    17       83       97         17           86         151         10
    18       46       64         36           74         196          9
    19       79       24          5           63          90         10
    20       86       28          5           21          32         10
    21       78       11         40           22          77         10
    22       29       53         23          142         169          9
    23       52       85         19           57         128         10
    24      100       11          7           54         133         10
    25       27       36         12           53          77         10
    26       48       49         28           42          64         10
    27       86       77         33           45         155          9
    28        2       46         37          132         142         10
    29       62       46         17           19          68         11
    30       13       40         19          105         108         10
    31       41       19          7           37          44         10
    32       76       32          4          108         114         10
    33       59       52         18           62          80         10
    34       88       12         24           92         183         11
    35       11       30          5           64         156         10
    36       43       30         17           92         111          9
    37       76       25         26           43         149         11
    38        8       41         33          104         149         10
    39       77       85         38           80         144         10
    40       73       56         14           41          82          9
    41       72       68         16           35         200          9
    42       23       55         35           56         132         10
    43       77       32         28          119         146          9
    44       65       48         11          137         216          9
    45       50        9         28           34         110         11
    46       67       87          7           54         197         10
    47       14       37         18           64         113          9
    48        5        3         13           76         121          9
    49       99       49         40           58         155         10
    50       36       27          2          110         112         10
    51       98       25         35          114         205         11
    52       73       28         12           54          78          9
    53        7       68          2           78         194          9
    54        0       68         27          113         123         10
    55       25       75         28           65          98         10
    56       77       72          6           40         186         10
    57        2       70          2          104         111         11
    58       99       24          5          152         217         10
    59       27       81         17          105         168         10
    60       16       66          6          129         160         11
    61       76        4         29           77         108          9
    62       55       58          4           74          75         11
    63       30       88         32           91         125         10
    64       16       36         35           59         154         10
    65       85       19         29          129         171         11
    66       82        8         38          151         156         10
    67       49        8         38          152         153         10
    68       68       79          2          120         133         10
    69       85       98         14           66         168         10
    70       67       77         31          106         149         10
    71       51       91         14          126         161          9
    72       64       88         30           65         175         10
    73       24       50         31           85         142         10
    74       73       20         40          112         145         10
    75       21       98         14           84         166          9
    76       43       18         14           35         118         10
    77       33       40          1           43         115          9
    78       62       92         12           61         143          9
    79       99       65         12           86         230         10
    80       70       32         19           37         126          9
    81       86       22         17           39          52         10
    82       11       97         35           91         166         10
    83       86       30         31           56          60         10
    84       68       47         30           52         119         11
    85       32       29          1           43          75         11
    86       14       55         19          109         133         10
    87       45       51         30           36         158         11
    88       22       94         10          106         123         11
    89       64       90         17           58         161         10
    90       11       62         30          115         154         10
    91       85       33         32          134         230          9
    92       20       27         35           65         114         10
    93       27       45         18           54         119         10
    94       33       27         16           95         162          9
    95       65        5         16           98         230         10
    96       34       69         27           55         100         11
    97       18       22         17           81         181         10
    98       20        0         17           80         158          9
    99       47        4          7           40          99          9
   100       27       99         20           82         121         10
