_R006

VEHICLE
NUMBER     CAPACITY
  25         200

CUSTOMER
CUST NO.  XCOORD.   YCOORD.    DEMAND   READY TIME  DUE DATE   SERVICE   TIME
 
     0       73       57          0            0         230          0
     1       14       12         34          124         155          9
     2       10       64         12           63          95         10
     3       35       22         30           83         200          9
     4       69       69          4           17          30         11
     5       54       93         29           87          99         10
     6       39       84         25           43         115         10
     7        8       74          8           67          93          9
     8       99       85          3           93         168          9
     9       58       63         30          120         180         10
    10       35       68         10           65          75         10
    11       77      100         20           93         152         11
    12       49        6          3           58          80         11
    13       60       12         39           83          94         10
    14       24       33         22           54          71         10
    15       73       18         38           55         110         11
    16       17        4          7          137         145         10
    17       87       69          9          119         178         10
    18        4        3         25           96         140         11
    19       56       28         25           33         105          9
    20       60       43         32           97         160         11
    21       92       29         38           89         184          9
    22       68        5         33          142         190         10
    23       96       98          6           47          71         11
    24       74       47         13           81          85         10
    25       22       81         37           93         129         10
    26       74       22         22           43         104         10
    27       45       46         35           52          63          9
    28       83       68         23           15          69          9
    29       64       65          2          175         189         10
    30       27       37         19           69         100         10
    31        5       79         33           71          93         10
    32       43       44         27          134         149          9
    33       25       21          6           82         115         11
    34       59       23          9           44          56         10
    35        6       77         35          144         146         10
    36       38       38         40          153         187         10
    37       43       82         31          116         148          9
    38       32       76          4           98         100         10
    39       94       66         25           23          47         10
    40       43       75         34           34          79          9
    41       46       41         26          129         154         11
    42       53       32         24          119         128         11
    43       10       41         19          114         151         10
    44       12       41         10           62          69         11
    45       56       93         12           77          95         11
    46        4       62         30          133         138         10
    47       46        2          3          123         135         10
    48       25       12          4          116         159         10
    49       22       27         16           76          82         10
    50       40       53         31           89         126          9
    51        0       16         27           83          95          9
    52        9       55         24           63          89         10
    53       33       55         22           45          71         11
    54       22        2          5           78         110         11
    55       94       11         14           81          97         10
    56       13       15          4          100         130          9
    57       98       62         31           48         105         10
    58       61       99         31          101         134         10
    59        9       97         11          129         131         11
    60       20       62         12           65         148         11
    61       42       38         13          113         122         11
    62       93       15         36           99         117         11
    63      100       38         20          121         191         11
    64       65       97         31           70          97         10
    65        6       92         18           76         111          9
    66       57       70         28          128         163          9
    67       15       53         22           75         140         10
    68       67       46         12           38          76         10
    69       15       24         36          106         162          9
    70       85        3         29           55          95         11
    71       71      100         31          118         128          9
    72        1       16         38          111         131         11
    73       67        6         10          120         175         11
    74       59       68          4           90         142         10
    75       59       37         24           34          51         10
    76       70       59         14            4          19         10
    77       21       56         18           52          76         10
    78       88       67         10          134         137          9
    79       47       32         16           74         122         11
    80        9       24         16           94         116         10
    81        1       99         15           94         151         10
    82       22       81         30           85         133         10
    83       17       28         24          152         156         10
    84       42       32         19           66         153         10
    85       80       96          5           40          57         10
    86       88       15         23           85          88          9
    87       78       15          8          147         208         10
    88       91       52         13           19          62         10
    89       34       16         17           57          95         10
    90        1       25          6           78         103          9
    91       91       80         16          168         193         10
    92       97       10         11          106         141         10
    93       59       26         34           34          71         10
    94       54       32         35           31          67          9
    95       28       57          1           79          91          9
    96       18       47         25           95         111         10
    97       65       13         26          118         182          9
    98       93       51         16          167         175         10
    99       82       65         19          176         178         11
   100       71       72         32           34          80         10
