_R007

VEHICLE
NUMBER     CAPACITY
  25         200

CUSTOMER
CUST NO.  XCOORD.   YCOORD.    DEMAND   READY TIME  DUE DATE   SERVICE   TIME
 
     0       48       30          0            0         230          0
     1        3       24         26           46          93         11
     2       37       35         29           46         115         11
     3       52       88         12          120         124         10
     4       29       52         32           29          76         10
     5       34       82         25           54          84         11
     6       16       10         10          131         163         10
     7       50       67         29           66          95         11
     8       80       59         24           43          92         10
     9       77       39         33           92         151         11
    10        3       12          7           49          65          9
    11        4       33         10           80          96          9
    12       50       36         13           75         119         11
    13       56       48         14          174         177         11
    14       68       67         36          175         178         11
    15       32       35         30          144         205         11
    16       59       60         22          128         164         10
    17       31       33         22          175         207         10
    18       69       65         36          125         134          9
    19       14       44         18          154         167         10
    20       89        4         10          144         156          9
    21       86       16          6          136         213         11
    22       51       42         14          149         154          9
    23        1       92         27          132         146          9
    24       45       95         19           82         152          9
    25       29       87         17           60         111          9
    26       92       56         20           51         116          9
    27       20       69         39          125         168         10
    28       55       94         40           69          99         10
    29       44       27          7          179         190         10
    30       14       70          5           53          86         11
    31       97        3         10           83          93         10
    32       74       93         35           83         104         10
    33        7       11         19           52          60         10
    34       69       65         35          103         113          9
    35        7       83         26           68         150         10
    36       52       91         23           74          98         11
    37       88       81         12          134         163         10
    38       52       25         14          179         230         10
    39       51       10          6           20          62         10
    40       66       13         21           24          51         11
    41       51        5         12           96         128         10
    42       30       23         12          136         143         10
    43       62       79          2          136         187         11
    44        6       85         32           94         154         10
    45       86       34         38           87         217         10
    46       66       40         20          129         165          9
    47       15       53         22           99         194          9
    48        9       88         38           70         109         11
    49       92       82         21          129         163         10
    50       56       56         25           88         140         10
    51       98       25         18          164         166         10
    52        8       56         21           73         110          9
    53       33       32         21           44          70         11
    54        1       60         29           56          63          9
    55       26       19         25          117         124         11
    56        4       36         21          118         141         10
    57       88       34          4           95         102         10
    58       68       76         37           50          71          9
    59       33       82         36           70         108         11
    60       69       56          8           33          48          9
    61        0        4         12          128         130          9
    62       99       78         39          121         167         11
    63       94       90         13          112         117         10
    64        2       79         33          110         121         10
    65       45       79         32           95         109          9
    66        1       29         35           83         119         11
    67       75       79          1           60         201         10
    68       62       30         20          160         164          9
    69       31       97         23          101         125         10
    70       44       45         34          136         169          9
    71       55       41          9           26         105         10
    72       55       43         13          151         230          9
    73       83       91          8           70         178          9
    74       93       56         31           59         141         10
    75       44       71         40           63          99         11
    76       84       56          6          128         142          9
    77       70       75         10          141         150          9
    78       68       75         13          126         137         11
    79       21       50         36          128         138         11
    80       59        0         18          136         156         10
    81       86       61         12           67          89          9
    82       13       82         13           95         110         10
    83       72       76         24           93          96          9
    84       39       85         16           99         144          9
    85       41       57          6          137         183         10
    86        0       64         33          120         142         10
    87       72       57         17           95         116         10
    88       50       81         11          104         157         10
    89       68       28         30          169         214         10
    90       96       71         30          114         118         10
    91       99       97          7          107         125         11
    92       92       76          3           74         121         11
    93       61       17          2           18          83         10
    94       54       77         31          165         181         10
    95       52       87         26           57         101         10
    96       11       38         32           38          53          9
    97       51       43         26          142         161         10
    98       11       15         17          104         177          9
    99       84       48         24          161         192         10
   100        5        2         29          141         193         10
