_R002

VEHICLE
NUMBER     CAPACITY
  25         200

CUSTOMER
CUST NO.  XCOORD.   YCOORD.    DEMAND   READY TIME  DUE DATE   SERVICE   TIME
 
     0       34       40          0            0         230          0
     1       23       29         10           36          46          9
     2       49       59         38           74          76         10
     3       49        8         20          164         168         11
     4       24       84          2          163         184          9
     5       64       65         20          165         185          9
     6       67       76         19           55          77         11
     7        6       37         35           96         141         10
     8       54       34         29          165         180          9
     9       84       48          8          111         118         11
    10       77       85          7           84          89         11
    11       50       91         25          143         156         10
    12       59       85          2          133         142         10
    13       34       50         13           81          88         10
    14       53       10          6          148         151          9
    15       40       92          1           70          82         10
    16       63       18         37           52          57         10
    17       34       19          4           38          39         10
    18        2       93          1          136         150         11
    19       45       31         38           89          99          9
    20       60        1          8           69          87         10
    21       28       70         33          153         179          9
    22       63       98          2          100         125         11
    23       62       48          7           66          72         10
    24       76       90          5          147         150         10
    25       72       96         29          132         135         10
    26       78       87         25          108         111         10
    27       11       73         20          113         117         10
    28       44       55         10           43          53         10
    29       65       97          4          140         161         10
    30       98       29         23          147         152         11
    31       73       75         10          105         126         11
    32       35       12         24           61          78         10
    33        4       78         28           61          65         10
    34       49       99         34           88          97          9
    35       46       98         20          104         109         11
    36       41       79          1          111         117         10
    37        8       56         12          185         192         10
    38       80       92         35          114         145          9
    39       82        4         22           71          80         11
    40       37        5         25           80          93         10
    41       11       68         19           82          91         10
    42       71       77          7          124         134          9
    43       87       74         36          122         152         11
    44       80        5         31          146         164          9
    45       23       62         40          134         144          9
    46       86        0         35          151         156         11
    47       51       68         12           34          51         11
    48        3       40         11           49          54          9
    49       90       67         10          121         125         10
    50       24       85         37          154         172         10
    51       35       85         23          129         149         11
    52       30       59         19          126         152         10
    53       40       27         39          101         109         10
    54       89       19         25           92          96         10
    55        8       34         37          136         143         10
    56       72       81         40           56          73         11
    57      100       30          4          141         146         10
    58       41       14         15          129         145          9
    59       57      100         30          134         166         11
    60       70       60         33          141         143         11
    61       39       92          6          110         124         11
    62       50       13         13          111         113          9
    63       37        7         22           97          98          9
    64       20        2         32           84          92         10
    65       45       63          5          100         110          9
    66       34       42         25           16          28         11
    67       96       75         12          115         129         10
    68       54       28          9           23          38         10
    69       90       24         21           74          83         11
    70       33       91         17          143         162         10
    71       53       74         26          133         143         10
    72       59       65         13           74          80         10
    73       30       24         33           66          72         10
    74       32       16          4          177         184         10
    75       87       28         35           95         134         10
    76       56       79          2          148         187         11
    77       78       44         30           78          88         10
    78       48       99         14           82         103          9
    79       67       81         16           94         103         10
    80       90       79          1           69          75         10
    81       19       56         29          168         185          9
    82       10       65          7           95         109          9
    83       96       51         27          134         152         10
    84       43        4         30          110         123         10
    85       96       10         34          113         127         11
    86        4       25         29           66          76          9
    87        7       46         13          172         189          9
    88       52       31         30          184         207         11
    89        5       11         34          145         147         11
    90       38        6         13           95         120         10
    91       70       21          5           73          76          9
    92       30       39         36           64          66          9
    93       42        0          6          121         123         10
    94       11       86         24           73          81         10
    95        0       51         10          158         170         10
    96       49       33          6           17          28          9
    97       43       78         32          139         165         10
    98       84       26          6           66          70         11
    99       32       24         27           35          40         10
   100       48       68         28          180         196         10
