_R001

VEHICLE
NUMBER     CAPACITY
  25         200

CUSTOMER
CUST NO.  XCOORD.   YCOORD.    DEMAND   READY TIME  DUE DATE   SERVICE   TIME
 
     0       78       50          0            0         230          0
     1       44       86         18           50         230          9
     2       70        9          6          109         118          9
     3       98       76         38           61         230         10
     4       79       13          1           89         159         11
     5       45       37          7           36         146          9
     6       93       64         10           20          58          9
     7       82       44         12           60         127         10
     8       23       55          6           66         192          9
     9        6       83          1          120         148         11
    10       63       76         28           30         124         10
    11       35       97         39           84         102          9
    12       89       78          5           30         112         11
    13       19       47         12           97         111          9
    14        4       15         21           82         167         10
    15       68       74         38          172         195          9
    16       97       33         28          106         108          9
    17       37       47         31          127         228          9
    18       19       13         24          114         179          9
    19       48       23         17          147         171          9
    20       67       44          8           13         131          9
    21       83       70         35          137         149         10
    22       31       83         33           58         199         10
    23       80       39          2           12         164         10
    24       29       68         29           78         129         10
    25       14       20          4          126         159         10
    26        1       79         30           83         224         11
    27       66       71         34          147         203         11
    28       78       46          6          141         223          9
    29       57       14         18          140         217          9
    30       11       67          5           78         167          9
    31       47       57         23          141         204          9
    32       76       63         38           49          71         10
    33       55       56          4          110         206         10
    34       30        3         16          116         177          9
    35       44       21         39           45          57         10
    36       41       85         13           51         174         10
    37       23        6          6           71         221          9
    38       28       29         20          109         188         11
    39       66       56         21          152         186          9
    40       78       66         27           96         224         11
    41       41       81         13          148         156          9
    42       17        2         39           80          92         11
    43        9       72         21          122         133         11
    44       46       16         12          119         188         11
    45       50       15         39           88         192         11
    46       70       45         37           17         111         11
    47       38       30         20           91         230         10
    48       63       36          1           21          91         11
    49        9       12         24           79          90          9
    50       96       91         23           83         192         10
    51       70       27          6           25          72         10
    52       97       78         26          144         221         11
    53       72       45         34          157         179         10
    54       27       10          5           95         138         10
    55       90       46         29          176         217         10
    56       20       31          6           61         180         10
    57       58       18         30           67         197          9
    58       86       76         17           44          59         10
    59       72       43          1            9         205         10
    60       63       58         39           36          44          9
    61       65        8          7           44         144         10
    62       42        4         24           83         122         10
    63       49       33          8          112         149         10
    64       14       10         38           75         197         10
    65       59       17         30           57         188         10
    66       93       58         33           16          40         10
    67       35       59         18           45         171         11
    68        2       96         19           92         133         11
    69       48       78         26          121         154         10
    70        8       49         32           86         159         10
    71       49       94         34           81         205         10
    72       57       47          1           97         107         11
    73       27       33         27           81         107         10
    74       52       44          5          144         154         11
    75        2       83         12          129         136         10
    76       90       14         34           67         158         10
    77       55       11         11           45         136         10
    78       67       28         32           73         145         10
    79       66       73         19           26         102          9
    80       77       11         10           39          64         10
    81       92       23         14           65         101         11
    82        4       55         22           75         204          9
    83       37       83         31           53         171         10
    84       81       32         25           96         230          9
    85       95       29         38           27          95         10
    86       52       26         35           36         228          9
    87       94       16         31           37         230         11
    88        4       44         25           97         163          9
    89       99       89         12           44         226         11
    90       75       89         17           88         100         11
    91       89       52          5           11          60         10
    92       32       77         15           73         152         11
    93       66       37         38           18         101         11
    94        9       75         18           88         202         11
    95       26       94          5           68         217         10
    96       24       12         27           66         161         10
    97       83       15         39           35         180          9
    98       18       60         35          120         150         10
    99       87       20         11           84         127          9
   100       31       78         19           55         101         10
