_R010

VEHICLE
NUMBER     CAPACITY
  25         200

CUSTOMER
CUST NO.  XCOORD.   YCOORD.    DEMAND   READY TIME  DUE DATE   SERVICE   TIME
 
     0       30       30          0            0         230          0
     1       66       77         12          119         132         11
     2       17        4         19          146         212         11
     3       44       77         15           57         142         11
     4       65       70          7          141         151         10
     5       40       23         26           20          34         10
     6       53       20          1          174         182         10
     7       73       20         40          156         185          9
     8       29       51          3          143         178         10
     9       49       60         14           79          85         10
    10       44       92         38          152         162          9
    11       84       88          7          109         122         11
    12       63       64          3          131         135         10
    13       61       43         30          109         180          9
    14       32       59          3          147         180         10
    15        3        1         36          127         147         11
    16       85        5         19           61         110         11
    17       52       61         35          139         161         10
    18       20       90         10           69          89         11
    19       19       88          6          132         173         11
    20       76       24         39           64         127         11
    21       15       32         31           87         118         11
    22       40       25         37           74         111         10
    23      100       23         13           83         109         11
    24       83       16         17           55          73         10
    25       98       23         24           82          87         10
    26       42       56         18           43          61          9
    27       12       82         10          103         167         10
    28       27       55         16           32          73         11
    29       55       60         25          149         162         10
    30        6       17          2          135         174         11
    31       16       30         14           31          70         10
    32       14       92         12           97         117          9
    33       51       62          3          170         184          9
    34       36       28          5           77          81         11
    35       50       29         20           93         123         10
    36       34       45          5           16          30         10
    37       51       98         14          105         137         10
    38       22       49         23          147         188         10
    39       15       35         35           98         161         10
    40       72       17          4           99         105         11
    41       58       42         18           70         126         10
    42        5       93          5           68          96         11
    43       41       78         18           64          84         10
    44       42       94         20           78          79         11
    45       29       41         32          156         188          9
    46       76       34         18          101         181         10
    47       36       99         38           77         106          9
    48       56       69          6           77         105         10
    49       64       83          3          104         114         10
    50       86       56          1           75         159         10
    51       29        2         15           46          68         10
    52       61       83          8          105         122          9
    53       45       16          4          130         142         10
    54       29       51         10           21          55         11
    55       84       17         39           55          84         10
    56       61       75         33          130         144          9
    57       94       12          1          134         142         10
    58       93       60         37           78          83         10
    59       77        5          9           62          65         10
    60       51       62         17           38          72         10
    61       31       43         14           43          64         10
    62       55       55         17           43          66         10
    63        4       44         31           82         123         10
    64       21       92         29          155         163          9
    65       98       30         24           67          85         11
    66       18       22         26           84          86         10
    67       48       87         30          149         154         10
    68       50        6          8           51          57          9
    69        4       23         16          144         157         10
    70       84       62          5           83         167         11
    71       56       32         29           43         118          9
    72       93       33         18           63         124          9
    73       83       90         26           92         105          9
    74       48       89         23           73          99         10
    75       28       66         11           92         129         11
    76        9       47          6          124         137         10
    77       22        6         39           73         114         10
    78        0       32         12          110         138         11
    79       59       46          5          108         123         10
    80       30       99         13           72         120          9
    81       94       13         37          147         158          9
    82       42       65         11           59          70         10
    83       73       37         40           89         149         11
    84       75       12         19           65          92         10
    85       33       72         35          128         140         10
    86       63       84         27          140         158         11
    87        5       17          2           49          73         10
    88        5       19         21          125         198         10
    89        0       50         17          155         168          9
    90       53       66          9           61         117         11
    91       38        0         22          145         155         10
    92       67        5          5           91         157         10
    93       87        2         28           63          86          9
    94       53       89         33           98         131         10
    95       57       61          4          112         135         10
    96       68       12         20           53         110         10
    97       67       88         27          108         133          9
    98       97       44          3          100         111         11
    99       34       75         16           45          73         11
   100       54       26         11           51          58         10
