_RC007

VEHICLE
NUMBER     CAPACITY
  25         200

CUSTOMER
CUST NO.  XCOORD.   YCOORD.    DEMAND   READY TIME  DUE DATE   SERVICE   TIME
 
     0       43       31          0            0         240          0
     1       88       52         23           50         122          9
     2       40       82          6           51          97         11
     3       72       43          6          126         199         11
     4       78       57         10          157         211         10
     5       76      100         12          133         139         10
     6       77       50          2          161         193         11
     7       80       26         39          130         220          9
     8       75       66         13           48         188         11
     9       23       73         33           52          97         10
    10       28       96         37           97         225         11
    11       94        7         33           57         146          9
    12       80       25         34           38         196         10
    13       62       75          5           48         240         10
    14       89       28         15          101         171         10
    15       79       85         30           65         173         11
    16       60        8         24           29         122         11
    17       70       65          1           71         240          9
    18       48       27         23            7         144         10
    19       46       32         33           65         150         10
    20       71       47         34           68          92         10
    21       36       41         16           72         178         10
    22       39       57         10           50         184         11
    23        7        2         13          164         186         11
    24       78       34         12           57         240          9
    25       22       99         14           71         181         10
    26       53       85         13           72         117         10
    27        7        7         19           76          87         10
    28       64       38          2           22         189          9
    29       78       39         12           66          92         10
    30       81       13         13           43         151         10
    31       78       79          7          116         157          9
    32       35        1         36           31         173         11
    33       40       44         28           14          39         10
    34       71       28         37           28          56         10
    35        7       66         23          131         228         10
    36       70        1          5           53          92         11
    37       86       75         37           62         180          9
    38       81       34         19          161         164          9
    39       55       62         28           33          75         10
    40       81       21         16          161         180         10
    41       86       21         20           45         130         10
    42       62       93         20           65         129         11
    43       49       34         12           80         240          9
    44       57       69         23           40          78          9
    45        6       20         30           45         157         10
    46       59       81          1           52         140         11
    47       75       33          6           61         105         11
    48        4       40         34           47         117         10
    49       69       47         23           31         240         10
    50       36       62         39           31          99         10
    51       29       75         25          103         229         10
    52       77       50         27           39          54          9
    53       79       77         36          120         164         10
    54       60       61         27           34         181         11
    55       59       43         14           96         222         10
    56       59       81         22           52         116         10
    57       16       91         10          125         175         10
    58       74       48         14          131         152         10
    59       13       55         28           91         133          9
    60       87       34          6          118         189         10
    61       64       56         27           32         226         11
    62       46       67         24           83         108          9
    63       83       18         13           42         194         10
    64       82        0          2           85         127          9
    65       74       84         29           73         124          9
    66       59       53         33           27         131         11
    67       83        8         30          147         193         10
    68       47       69         17           38         201         10
    69       55        6         27          128         134         10
    70       83       50         17           44         104         11
    71       83       23         15          108         135         10
    72       92       10         14           54         220         10
    73       88       44          9           63         123         10
    74       44       55         39           23         211          9
    75       74       74         27           57         151         10
    76        7        3          7           57         240          9
    77       51       70         35           39         146         10
    78       46       71          7          111         194         10
    79       35       47         24           24          30         10
    80       55       52          7           80         199         11
    81       12       57         15           46         101         10
    82       71      100         27           74         153          9
    83       68       20         40           28         107         10
    84       75       70         40           51         240         11
    85       55       87         36           57         153          9
    86       82       69         10           54         203         10
    87        2       51          4           45         186         11
    88       32       68         37           80         165          9
    89       13       90         37          120         206         10
    90       58       47         12          193         196         11
    91       63       52          1           57         175          9
    92       51       42         26           63         170         10
    93       48       81          4           69         102         10
    94       47       96          2           65         192         10
    95       86       29         38          113         176         11
    96       47       84         20           97         108          9
    97       34       94          5          105         115         10
    98       34       69         27           39         117         11
    99       95       77         15           69         102          9
   100       82       79         22           82         180         11
