_RC010

VEHICLE
NUMBER     CAPACITY
  25         200

CUSTOMER
CUST NO.  XCOORD.   YCOORD.    DEMAND   READY TIME  DUE DATE   SERVICE   TIME
 
     0       23       67          0            0         240          0
     1       24        6         11           61         227          9
     2       85       58         17          114         158         10
     3       97       70         20           75          86          9
     4       75       38         10           71         177         10
     5       71       87         17           52         240         11
     6       49       51         14           92         205         10
     7       65       72         28           86         112          9
     8       60       18         31           61         240         10
     9       49       60          4           83          91          9
    10       80       68         19           58         112          9
    11       44       55         40           24          46         10
    12       40       25         35           62         116         10
    13       23       51         32          158         240         10
    14       68       56         30          113         123         11
    15       29       46          1           31         153          9
    16       49       34         39          101         240         11
    17       56       69         30           33         189         10
    18       49       93         36          166         185         10
    19       55       46         37          165         171         11
    20       32       13         11          106         177          9
    21       76       67          1           53         211         10
    22       60       62         27           38         240         10
    23       53       71         19           72          98         10
    24       54       46          1           60         149         11
    25       47       40         11           37         110          9
    26       35       64         40          143         240         11
    27       14       38         15           75         141          9
    28       55       61         11           33         240          9
    29       38       38         27           77         240         10
    30       18       23         27           61         127         11
    31       43       52         14          100         240          9
    32       28       20         34           47         196         11
    33       49       79         24           29          56          9
    34       30       88          7          102         240         10
    35       26       56         13           12         171         10
    36       23       38         34           30          74          9
    37       55       70          4           33         215         11
    38       79       16          1           77         240         10
    39       87       36         27           72         175         10
    40       35       71         18           95         132         10
    41       78       61         11           56         240         10
    42       33       94         19           29         110         10
    43       78       64          8          122         191         11
    44       88        5         15          119         124         10
    45       51       47         10           35         240         10
    46       43       34         24          166         176         10
    47       77       92         27           89         130         10
    48       47       37         37           45         149         10
    49       56       75          3           35         105         10
    50       20       61         14           55         127         10
    51       46       38         11           79          80         11
    52        0       52         24           92         165         11
    53       87       91         22           69         219         11
    54       35       36         36           70         240         11
    55       28       64         37          189         240         10
    56       26       36         31           75         187         10
    57       44       96          8           35         206          9
    58       15       71          2           49         122         10
    59       52       82         36           32          80         10
    60       16       85         38           19         165          9
    61       55       78         11           34         240         11
    62       52       13          2          122         148         11
    63       19       72         28           54          76         10
    64       83       68         24           93         227         10
    65       76       43         36           59         119         10
    66       96       21         24          106         167         10
    67       98       20         31           89         164         11
    68       31       96         32           82         178         11
    69       14       63          1          134         171         10
    70       16       21          6           55         215          9
    71       60       79         32           41         182         10
    72       51       47          8           47         149          9
    73       39       55          9           74         188         10
    74       17       88         31          194         217          9
    75       46       37          9           48         147          9
    76       60       76          6           38         240         10
    77       43       21          1          139         149          9
    78       20       82         19           15         225         10
    79       69       51         26           51          64          9
    80       66       75         30           44         203         11
    81       87       11         37          117         140          9
    82       56       81         27           58         240          9
    83       28       13         31           85         198          9
    84       27       50          9          100         181         10
    85       88       45         14           98         183         10
    86       24       47         13           99         152         10
    87       18       42          3           63         135          9
    88       27       11         39          108         120         11
    89       12       13         10          136         187          9
    90       63       38         18           59         178         10
    91       67       47         15           61         148         11
    92       49       69          2           27         101          9
    93       13        0         37           68         147         10
    94       46       74          9           53         177         11
    95       95       15          5           89         199         10
    96       66       72         14           44         127          9
    97       43       75          6           78         211         10
    98       30       55         40           80         147          9
    99       84       76          8           90         154         11
   100       95       73         13           73         159         10
