_RC008

VEHICLE
NUMBER     CAPACITY
  25         200

CUSTOMER
CUST NO.  XCOORD.   YCOORD.    DEMAND   READY TIME  DUE DATE   SERVICE   TIME
 
     0       57       70          0            0         240          0
     1       39       46          1           47         240          9
     2       22       65          9           72         134         10
     3       32       48         19           32         109         10
     4       46       16         35           80         171         10
     5       70       36          7           37         240         10
     6       76       56         33           24         137         11
     7       41       55         12          173         195         11
     8       23       74         24           40         187          9
     9       82       85         21           53         240         10
    10       13       43         28          153         169         10
    11       43       32         34           40         240         10
    12       58       82         14           76         240         10
    13       20       73          7          103         199         10
    14       60       44         17           26         240          9
    15       36       71         25           21         236         10
    16       76       79         31           25          59         10
    17       64       61         31           59         194         10
    18        5       52         14           55         234         11
    19       24       73         38           33         240          9
    20       36       72          4          138         156          9
    21       89       49          5           38         221          9
    22       45       30          1           59          95          9
    23       51       49         38           22         174          9
    24       37       21          8           65         194         10
    25       31       16         25           89         104         10
    26       90       68         33           33         240         10
    27       63        7         31           63         104         10
    28       77       65         38          101         111          9
    29       62       58          3           42         240         10
    30       34       98         17           49         148          9
    31       22       62         21          125         236         11
    32       77       60         28           22         174          9
    33       88       63         25           32         240         10
    34       55        9         23           60          86         11
    35       92       84         13           38         107         10
    36       78       77          5           78         240         10
    37       81       91         18           66         112         10
    38       76       56         11           63         240          9
    39       86       24         23           54         203         10
    40       37       25         32           79         223         11
    41       23       53         23           98         183         11
    42       27       45         24           39         150         10
    43       50       77          2           10         135         10
    44       28       46         26           69         186         11
    45       61       53         18           17         222         10
    46       32       87          5          119         195         10
    47       73       67          9           19          94          9
    48        1       85         32          118         171          9
    49       16       16         37           99         160         10
    50       70       40         21           33         240          9
    51       60       98         40           29         240          9
    52       64       67          8          162         208          9
    53       35       62         12           23          70         11
    54       23       24         38          144         180          9
    55       24       98          8          113         240          9
    56        3       62         27           70         229         10
    57       33       69          9           68          95          9
    58       53       36         14          173         217         11
    59       45       31         20           98         161         11
    60       63       19         15          129         148         10
    61       23       45         35           41         240         10
    62       31       33         39           85         237         10
    63       77       17         21           92         186          9
    64       49       24         22           46         216         10
    65        7       46          3           98         200          9
    66       39       72         10           18         103          9
    67       63       19          2           75         240         10
    68       59        3         35           67         240          9
    69       26       84         10           38         181          9
    70       37       32         14           43         187         10
    71       17       47         34           46         151         10
    72       35       23         29           51         120          9
    73       91       22         25           69          93          9
    74       47       65          2           10          84          9
    75       72       56         23           21         240          9
    76       66       69         23            9         140         11
    77        1       85         13          121         179         11
    78       86        5         30           70         231         10
    79       54        2         38           67         175         10
    80       60       78         11           62         155         10
    81       25       44         14          150         216         10
    82       58       41         13           80         100          9
    83        4       44         34           58         186          9
    84       40       68          4           17          78         10
    85       60       22         36           60         209         10
    86       92       10         32           69         240          9
    87       42       78         20           17         240         10
    88       47       21         24           95         121         10
    89       20       29         36           55         237         10
    90       62       18         31           52         159         10
    91       53       80         12           11         101         10
    92       22       65          3           58          63         10
    93       61       20         27           83         230          9
    94       47       34          6           37         240          9
    95       24       98          4           44         149         11
    96       24       62         40           34         154         10
    97       34       44         19          105         109          9
    98       22       66         27           35         240         10
    99       24        1          9           76         141         11
   100       39       34          5           82         157         11
