_RC002

VEHICLE
NUMBER     CAPACITY
  25         200

CUSTOMER
CUST NO.  XCOORD.   YCOORD.    DEMAND   READY TIME  DUE DATE   SERVICE   TIME
 
     0       39       64          0            0         240          0
     1       32       60         37          170         177         10
     2       54       17         29           98         170         11
     3       47       20         19           63          73         10
     4       25       16         13          144         181         10
     5       78       26         27          106         134         10
     6       48       96         27           45          52         10
     7       41        9         24          142         144         11
     8       59       22          3          148         152         10
     9       20       19         19          113         183         10
    10       37       47         25           49         130          9
    11       85       62         39           74          84         10
    12       26        5         22           64          83         11
    13       49       81         14           32          74         10
    14       65       50         23          167         174         10
    15        2       98          8          172         183         11
    16       51        1          4          116         145         11
    17       88       65         28          101         111         10
    18       55       10         40          121         221         10
    19       11       25         34           49          98         10
    20       95        7         24          121         131         10
    21       32       61          2          146         186         10
    22       46       65         40           76         176          9
    23       62       52         18          143         160         11
    24       89       40         12           55          85         11
    25       47       19         36          110         115         11
    26       43       41         30           98         101         11
    27       98       42         30          133         164         10
    28       96       81         12           95         109         11
    29       55       77         40           92         146         11
    30       44       44         19          111         144         10
    31       45       31         22           44          54         10
    32       29       76         31           52          65          9
    33       89       39         27          120         145         10
    34       54       60          7          162         224         10
    35       52       47         13          106         116         10
    36       44       31         15           33          82         10
    37       64       35         38          103         153         10
    38       68       15         29          106         167          9
    39       78       57         15           39          81         11
    40       29       32         30           93         111         11
    41       73       70         30           43          70          9
    42       53       28         16           73         102          9
    43       20       74         17           22          78         10
    44       38       39         36           54          90         11
    45       57       10         23           76          84         11
    46       51       47          6          143         240          9
    47       96       18         29           73         119         11
    48       27       78         24          114         163          9
    49       39       49         21          185         187         10
    50       42       24         30          154         171         11
    51       29       25         37          172         209          9
    52       58       43         14           83         113          9
    53       56       35         17          177         200         10
    54       51       61          8          167         189         10
    55       10       75         26          170         218         11
    56       51       58         17           67         160         11
    57       76       77         14           91         104          9
    58       88       28         28          124         125          9
    59       32       60         17           64          89         11
    60       21       94         19           36          78         10
    61       58       38         18           95         164         11
    62       80       52         11           80         123         10
    63       47       73          6          134         151          9
    64       46       87         34          189         196         11
    65       81       76          4           71         111          9
    66       98       98         13          105         138         10
    67       52       46         27          130         159         10
    68       41       89          6           67          99         10
    69       88       38         27           65         136         10
    70       85       58         30           49          89         10
    71       35       18         27           83         116         11
    72       80       10         13          119         121         11
    73       37       40          1           53          87         10
    74       47       64         36          194         220          9
    75       58       41         14          112         175         10
    76       84       49         33          167         183         11
    77       73       78          8          169         194         10
    78       90       87          7           56          69         10
    79       60       94         32          136         151         10
    80       20       86         38           29          58          9
    81       91       21         35          107         189         10
    82       68       34         31          109         111         10
    83       87       13         10          114         168         11
    84       95       24         37          109         190         11
    85       40       79         27          124         131         11
    86       14       30          7           57          73         10
    87       87       23          6          110         120         10
    88       76       49         35          153         217         10
    89       55       53         12          159         206         11
    90       78       30         31          126         128         10
    91       38       72          6           36         140         11
    92       83       37         12          140         171          9
    93       74       30         12           73         174         11
    94       51       69         12          112         163          9
    95       79       38         27           91         105          9
    96       27       37         37           33          66         10
    97       52       74         37          174         191          9
    98       55       52         30           40         115          9
    99       13       16          9           54          65          9
   100       88       90         39           86         135         10
