_RC006

VEHICLE
NUMBER     CAPACITY
  25         200

CUSTOMER
CUST NO.  XCOORD.   YCOORD.    DEMAND   READY TIME  DUE DATE   SERVICE   TIME
 
     0       39       32          0            0         240          0
     1       66       25         36           45          61          9
     2       54       53         35          145         158          9
     3       21       13          4           81         104         10
     4        4      100         30          138         142          9
     5       66       33         21           82         166          9
     6       69       35         31           92         143          9
     7       11       97         19          146         149         10
     8       64       19          7           88         106         10
     9       54       70         31           94         140         11
    10       45       84         26          129         141         11
    11       87       46         19           52         104         10
    12       35       39         15           77          87          9
    13       77       79         14           61         122         10
    14       14       75         20          105         136          9
    15       45       29         11           29          46         10
    16       37       16         12           84         158         10
    17       39       35         12          109         125         10
    18       21       67          1          112         117         10
    19       77       49         38           89          94         10
    20        5       76         10           91         138         11
    21       40       72          7           40          67         11
    22       47       26          7           14          87         10
    23       89       68         40           78          83         10
    24       30       21         20           26          88          9
    25       37       37         14          186         208         10
    26       89       67         17           74         140         10
    27       28        3          4          158         222         10
    28       62       40         13           25          84         10
    29       23       91         10          156         178         11
    30       60       69         33           50          67         10
    31       17       76          3           90         100         10
    32       70       54         18          131         158         10
    33       29       13         32           52         120         10
    34       21       91         34          104         126         10
    35       14       25         21           94         112         10
    36       33       76          9          171         187         10
    37       81       61         14           80         155         10
    38       30       35          9            9          59          9
    39       23       37         27           25          28         11
    40       52       25         12          103         125         10
    41       62       28         26           24          59         10
    42       84       46         27           88         164         10
    43       34       47         38           61         118         10
    44       75        7         15           44         118         10
    45       65       44         39          151         240         11
    46       36       61         17          189         206         10
    47       32        8         28           25          57         10
    48       17       81         27           76          89         10
    49       81        9         33           48         127          9
    50       59        6         19           61         117         10
    51       41       11         32          116         196         10
    52       67       27         15          111         240         10
    53       94        0         20           84         155         10
    54       20       23         20          108         121         10
    55       22       74         29           50          85         10
    56       69       61         25           70          91          9
    57       67       62          4          169         186         11
    58       22       75         33          106         142         10
    59       16       42         31           46          94         10
    60       70       47          5           35          87          9
    61       92       80         39           71         111         10
    62       32       57         27           62         103          9
    63       38       58          4          138         197         10
    64       65       79         20          128         139         10
    65       31       20         34           98         123         11
    66       56       32         12           78         157         10
    67       69       77         38          124         140         10
    68       29       59         17           45          55         10
    69       81       82         10           66         130         10
    70       32       96         15           68         138         10
    71       78       29         21          105         108         10
    72       80       53         28           47          85          9
    73       42       52         38          110         113          9
    74        6       73          8           82          83          9
    75       82       18         39          124         165         11
    76       65       24         22          128         162         10
    77       39       48          6           70         140          9
    78       73       40         38          156         184         11
    79       51       62         14          184         197          9
    80       48       54         25          143         196         10
    81       79       88         28          117         150         10
    82       51       68          1           86         170         11
    83       62       89          9          139         152         10
    84       50       22         28          136         172         10
    85       24       42         13           44          61         11
    86       35       52          1          123         163          9
    87       33        3          1           51          68         11
    88       25       86         34           94         113         11
    89       49       14          7          107         150         11
    90       76       47          5           78         138         10
    91       88        6         23           56         121          9
    92       48       24          5           68          83         10
    93       87       88         27          141         158         10
    94       67       56         22          117         149         10
    95       82       22         26           45          97         11
    96       60       42         20          146         181         10
    97       67       74         32           68          82         10
    98       80       33         26           82          97         10
    99       95       44         17           91         168          9
   100        9       50          1          172         189          9
