_RC004

VEHICLE
NUMBER     CAPACITY
  25         200

CUSTOMER
CUST NO.  XCOORD.   YCOORD.    DEMAND   READY TIME  DUE DATE   SERVICE   TIME
 
     0       35       42          0            0         240          0
     1       72       87          2           68          83         10
     2       53       77          6          156         197          9
     3       84       38         33           87         177         10
     4       39       55         35          126         160         10
     5       30        4          9           38          81         11
     6       85       35         25          121         131         11
     7       35       44         23           85          89         10
     8       56       22          6          114         119         10
     9       63       61         19           74         136         10
    10       14       32         28           64          74         10
    11       47       60         39           73         109         11
    12        0       73         34           53          87         10
    13       26       63          4           53         101         10
    14       57       85         10          112         118         10
    15       73       30         18          170         195         11
    16       86       65          7          125         149         11
    17       58       66         23           54          99          9
    18       20       29          1           20          53          9
    19       92        9          5           98         166         10
    20       71        7          2           97         137         10
    21       97       52         12           91         117         10
    22       81       19         31           60          69          9
    23       74       50          8          187         192         10
    24       41       57         40          126         136         10
    25       16       10         11          153         178         10
    26       51       72          2          129         139         10
    27       34       66         14          175         185         10
    28       37       54         30          142         226         10
    29       90       25          5           78          81         11
    30       30        6          3           82         130         10
    31       21        7         34           37          89         10
    32       46        9         24           94         105         10
    33       38       59         14          189         197          9
    34       61       31         31           31          69         10
    35       83       39         34          134         207         10
    36       39       20         15           83         112         11
    37       89       76         23          152         170         10
    38       69       61          1          124         159          9
    39       19       40         13          154         176         10
    40       56       13         24           36         104          9
    41       80       34          8           66          89         10
    42       11       93         40           95         100         11
    43       28       17         39          125         218         10
    44       39       75         11          151         168         10
    45       45       50         16           95         133         10
    46       59       52          8          146         212         10
    47       44       84         21          172         174         11
    48       86       51          5          135         211         10
    49       42       49         16          185         227         10
    50       48       81         23           94         113         10
    51       45       70         25           78          99          9
    52       87       48         24           69          97          9
    53       37       25          9          111         119          9
    54       87       26         32          123         140         10
    55       26       39         28           78         121         11
    56       64       26         31           37          98         10
    57       20        9         19           46          89          9
    58       44       73         36          151         166          9
    59       42       19         16          159         203         10
    60       97       71         33          118         181         11
    61       39       86          9          143         171         10
    62       26       25         10          133         229         11
    63       40       65         22           84         116         11
    64       95       76         23          120         157          9
    65       87        4         30          152         164         10
    66       75       88         12           98         145         11
    67       42       81         35           42         105         10
    68       72       44         14           95         104          9
    69       75       51         22           57          97         11
    70       50       19         38          164         172         11
    71       43       34         22           11          55         10
    72        6       43         28           91         128         10
    73       91       79         37          101         119          9
    74       45       13         39           95         125         11
    75       86        2         20           94         136         10
    76        9       95         17          114         188          9
    77        8       17          8           75         105         10
    78       50       89         22          156         166         11
    79       70       99         37          119         126         11
    80       89       19         20          109         175         10
    81       77       45         14          140         142          9
    82       51       26          5           95         139         11
    83        4       65         16           97         107         11
    84       53       86         10          153         207         10
    85       45       48         40           14          24         10
    86      100       46         22          139         165         10
    87       73        4          6          117         121         10
    88       39       61          3          154         197          9
    89       75       84         35          108         115          9
    90       53       47         38           52          75          9
    91       95       31         31           77         183         11
    92       42       19          5           27         111          9
    93       81       34          4          146         183          9
    94       58       28          8          102         129         10
    95       32       59         31           17          41          9
    96       36       45         31          108         128          9
    97       39       35         34           68         100         10
    98       25       40          4           14          77         10
    99       34       70          7          161         167         10
   100       29       47         37           86          98         11
