_RC001

VEHICLE
NUMBER     CAPACITY
  25         200

CUSTOMER
CUST NO.  XCOORD.   YCOORD.    DEMAND   READY TIME  DUE DATE   SERVICE   TIME
 
     0       64       32          0            0         240          0
     1       44       47         24           42         219         11
     2       49       59         28           31          60         10
     3       89       52         21           32         199         10
     4        2       75         35           93         148         11
     5       52       26         37          133         178         10
     6       18       60          6           84         182         11
     7       43       42         39           84         240          9
     8       21       78         25          107         108         11
     9       51       69         26           76         112         10
    10       41       37          4          152         166          9
    11       37       72         25          166         176         10
    12       57       66         30           56         180         10
    13       37       80         24           55         161          9
    14       23       13          4           66         163         10
    15       11        7         21           59         153         11
    16       62       38         38            6          41         10
    17       82       60         29           63         112         10
    18       49       66          6           37         232         10
    19       96       66         39           47         207         10
    20       65       50         39           75         240         11
    21       68       34          7            4          95         11
    22        4       55         33           65         240          9
    23       97       50         17           38         240         11
    24       24       12         24          108         197         11
    25        9       75         18           69         240         10
    26       87       20         32           87         103         11
    27       88       61         40           38         102          9
    28       78        2         32           66         172         11
    29       57       29         38            8         115         10
    30       75       82         38          101         240         10
    31       13       70          4           63         240          9
    32       62       25         11            7         149         11
    33       43       65         29           39         215          9
    34       26       71         24          126         167          9
    35       37       83          3           83         141          9
    36       76       66          4           35         100         11
    37       80       47         21           22         155          9
    38       75       89         25           58         134         11
    39       32       77          7           56         240         10
    40       42       97          7           68         210          9
    41       59       15          6          163         202          9
    42       56       20         23          125         166          9
    43       70       38          1          155         187         10
    44       94       16         23           37         149         11
    45       48       49         20           55         116          9
    46       14        1         19           89         136         11
    47       74       13         28          175         189          9
    48       38       57         21          119         239         11
    49       67       20         30           87         240         11
    50       37       60         31           74         155         11
    51       59       20         37           29          40         10
    52       23       66         32          162         170         11
    53       31       78         21           56         149          9
    54       40       30         20           47          72          9
    55       11       83         10          108         195          9
    56       50       79         24           49         204         10
    57       81       32          6           17          39         10
    58       45       82         38          125         155         10
    59       33       37         34           89         240         11
    60       78       61          5           92         132          9
    61       96       29         32           32         240         10
    62       80       72          5          159         206          9
    63       87       46         29          124         237         10
    64       96       83          4           60         234         10
    65       73       26         20          107         144         11
    66       64       66         27           94         240         10
    67       47       80         30           51         233          9
    68       11       14         17          110         178         10
    69       66       32         37            2         131          9
    70       28       64         31          110         193         11
    71       99       89          9          142         180         10
    72       71       20         27          171         240          9
    73       87       45         30           67         240          9
    74       17       51         14           72         173          9
    75       50       33         30          139         240         11
    76       51       73         36           43         182         10
    77       12       93         33           80         165         11
    78       58       20         31           37         240         10
    79       73       31         26          109         237         10
    80       56       63         11           98         212          9
    81       92       23         32           29          86         11
    82        4       44         15           94         163         10
    83       72       60         22           29          51         10
    84       42       74         13          101         176         10
    85       95       29         13           66         131         10
    86       58       60          7           62         227         11
    87       87       60         39           43         240          9
    88       80       23          6          151         216         10
    89       76       60          4          106         155         10
    90       60       93         38           76         106         10
    91       66       37         23            6          93          9
    92       84       64         18           38         209          9
    93       25       24         30           40         240         10
    94       92        2         16           58         112         10
    95       76       41          6           15          91         10
    96       68       12         30          108         240         10
    97       50       72          8          116         142         10
    98       53       61         23           39         240         10
    99       83       15         38           25         182         10
   100       26       94         38           72         125          9
