_RC009

VEHICLE
NUMBER     CAPACITY
  25         200

CUSTOMER
CUST NO.  XCOORD.   YCOORD.    DEMAND   READY TIME  DUE DATE   SERVICE   TIME
 
     0       48       69          0            0         240          0
     1       31       64         33          112         155         10
     2       47       26          5           94         227         10
     3       12       86         28           40         118         10
     4       69        7         14           66         240         10
     5       36       29          6           97         176         11
     6       67       12          7           61         163         11
     7       37       87          5           21          48          9
     8       77        6         36           98         159          9
     9       58       42         31           29          69         11
    10       20       77          5           72          92         11
    11       25       87         26           29         187         11
    12       58       75         27           12         143          9
    13       61       27         21           51         106         10
    14       47       22         25           47         163          9
    15       36       24         37          141         169         11
    16       55       94         21           26          46         10
    17       13       21         27          106         234         10
    18       20       83         23           66          71         10
    19       75       31         16           53         134         10
    20       60       11         36          132         134         10
    21       19       18         17           59         220          9
    22        2       53         32           49         160         10
    23       37       17         25           59         138         10
    24       20       91         28           35         165         10
    25       26       67         31           67         157         10
    26       10       76         30           85         202         11
    27       17       51         23          125         233         10
    28       90       16         25           68         182          9
    29       44       59         21           98         240          9
    30      100       10         14           79         210         10
    31       89       66         30           42          91         10
    32       63       83         36           20          92          9
    33       63       30         29           95         135          9
    34       29       12         31          123         187          9
    35       71       37         34          156         181         10
    36       62       77         15          143         167         10
    37       73       22          3           53         220          9
    38       29       52         14           25          70         10
    39       61       73         31           92         240         10
    40       57       11         33           87         240         10
    41       30       78         21          187         194          9
    42       70       26         32          110         219         11
    43        5       82          3          141         192         11
    44       68       30         26           44         123         10
    45       87       19         28           64         139          9
    46       83       62         21           36         240         10
    47       64       27         29          183         187          9
    48       65       14         20          121         201         11
    49       38       62         21           28          88          9
    50       48        6         25          106         113         11
    51       37       60         32          160         182         10
    52       61       37         10           35         217         10
    53       63       25         13           79          87         11
    54       10        6         17           73         159          9
    55       56       39          9           60         240         11
    56        8       43         14           47          91          9
    57       70       17         15           56         109         11
    58       41       90         13          168         176         10
    59       75       42         17          105         168          9
    60       67       26         21           51          85         11
    61       84        6         28           73         240          9
    62       30       42         13           32         201          9
    63       89       55         34           78          92         11
    64       23       58         20          147         229         10
    65       21       58         29           29          68         11
    66       22       69          5          153         187         10
    67       80       78          7           33         240         10
    68       65       71         19           17         108         10
    69        2        7         15           78         109          9
    70       21       41         20           39         240         11
    71       63       34          7           38          99          9
    72       20       80         19           30         199         10
    73       61        1         28           70         160         10
    74       71        5         30           68         147         10
    75       60       25         10           46         240         10
    76       24       75         14           74         240         11
    77       23       14         22          104         133         11
    78       11       53         21           40         124         11
    79       51       24         32           46         174         10
    80       55       98         16          144         200         10
    81       65       17         27           61         240          9
    82       34       53         36           22         178         10
    83       87       36         12           73         183         10
    84       80       13         33           95         111         10
    85       90       85         14          148         209          9
    86       12       73         14          142         170         11
    87       55       52         27           19         135         11
    88       70       20         25           54          81         11
    89       38       17         22           60         137          9
    90       18       42         10           40         143         11
    91       39       15          4           79         108          9
    92       76       54         37           32         240         10
    93       86       15         35           83         106          9
    94        7       11         36          123         148         10
    95       86       75         21           38         236         10
    96       56       83         36          189         222          9
    97       57       19         19           51         141         10
    98       69       10          4           67          98         10
    99       74       29          8           48          75         11
   100       18       88         11          117         148         10
