_RC005

VEHICLE
NUMBER     CAPACITY
  25         200

CUSTOMER
CUST NO.  XCOORD.   YCOORD.    DEMAND   READY TIME  DUE DATE   SERVICE   TIME
 
     0       29       33          0            0         240          0
     1       22       62         25           30          70         11
     2       26       54         21          143         163         10
     3       47       65         11          126         133         10
     4       45       28         10          148         179         10
     5       62       42         24           34          41         10
     6       62       41         33           80          95         10
     7       10       61         18          163         168         10
     8       50       33          6          148         157          9
     9       14       31         10          158         193         10
    10       32       28          7           46          51         10
    11       68       59         36           98         128         10
    12       99        9         13           78          88          9
    13       46       15         15           29          56         10
    14        3       71          3           54          75         10
    15       73       21         18           72          98         10
    16       72       88         37           92         105          9
    17       13       31         17          116         140          9
    18       67       47         27           62         108         10
    19       61       28          8          111         138          9
    20       15       78          6          155         157         10
    21       76       47         30           77         145         11
    22       33       54          3          122         128         10
    23       85       20         18          106         121         11
    24       66       28         13          134         192          9
    25       65       32          1           74          96          9
    26       53       35         22           24          58         10
    27       25       91         39          123         151         11
    28       50       60          3           85         137         11
    29       38       93         33           70         102          9
    30       53       67         22          130         176         11
    31       48       36         29           26          67         10
    32       32       80          4          124         132         10
    33       67       37         35          140         156          9
    34       97       20          1          121         166         11
    35       68       80         37           98         140          9
    36       56       22         27           41          54         11
    37       58       54         14           36          47         10
    38       62       66          1           49          70         10
    39        6       55         25          137         139         10
    40       50       84          4           86         125         11
    41       32        9         25           94         112          9
    42       59       38         31          130         176          9
    43       10       59         11           94         133         10
    44       23       48         10          206         209         10
    45       28       42          9           79         150          9
    46       65       71          9           53          67          9
    47       59       29          5           83          86         10
    48       58       67         10          161         211          9
    49       36       39         27            9          47          9
    50       15       98         13           67          98         11
    51       80       97         32           82         103         10
    52       42       60         33          178         199         11
    53       96       88         31          107         135         11
    54       42       13         22           23          57          9
    55       97        6         13           73          98         10
    56       37       70         38           81          91         10
    57       57       63          9           99         111         10
    58       59       60         19          135         186          9
    59       26       34         19          189         197          9
    60       75       23         30          162         164          9
    61       57       17         22           50          88         10
    62       52       34         32           67          80         11
    63       59       21         37           41         104         10
    64       41       59         16           83          96         10
    65        7       24         35          163         205         11
    66       32       42          7           88         150         10
    67       70       15         37          153         168          9
    68       66       38          8           52          54         11
    69       49       57         35          128         160         10
    70       51       82         16          120         133          9
    71       45       12         39           89         103         10
    72       35       31          6           10          54         11
    73       64       88         19           66         139         10
    74       16        1         37           84         100         10
    75       81       17          2           98         128          9
    76       16       67         11          117         167          9
    77       92       57          4           81         120          9
    78       56       88         13          104         146         10
    79       34       53         16           63         102         11
    80       29       64         25          135         146          9
    81       15       91         11           98         119         10
    82       62       61          7           43          60          9
    83       11       13          7           55          57          9
    84        4       27         38           99         104         10
    85       15      100         39          114         193         10
    86       52        9          9          170         207         10
    87       24       85          8          151         171         10
    88       13       93          3          107         134         10
    89       35       38         39          147         164          9
    90       71       39         29          168         193          9
    91       65       30         31           75          81         11
    92        6       59         12          130         163         11
    93      100        1         26           78          93         11
    94       99       22          3          137         167         11
    95       43       42         28           32          44         10
    96       24        1         24          124         154         11
    97       68       36         14          160         171         10
    98       38       65         29          181         184          9
    99       57       18         26          163         173          9
   100       42       32         18           64          65          9
