_RC003

VEHICLE
NUMBER     CAPACITY
  25         200

CUSTOMER
CUST NO.  XCOORD.   YCOORD.    DEMAND   READY TIME  DUE DATE   SERVICE   TIME
 
     0       64       61          0            0         240          0
     1       31       35         10          119         147         10
     2       98       25         11          120         146         10
     3       87      100         21           90         212         10
     4       26       91         32          169         179         10
     5       64       65          8          141         202         10
     6        5       29         14           99         225         10
     7       31       40         32           82          92          9
     8       55       30         19           61          90         11
     9       56       19         39          156         216         11
    10       73       40          1          112         128         10
    11       78       77         29          158         207         10
    12        6       95         33           68         108          9
    13       85       99         37          140         183         11
    14       56       30          7           55         154         11
    15       38       84         40          185         199         11
    16       48       15         16          153         157         10
    17       44       30         15           74         100          9
    18       46       38         15          123         129          9
    19       45       20         26          126         143          9
    20       84       11         27          118         175          9
    21       17       28         19           95         105          9
    22       75       31          3           31         110         11
    23       39       24         40           44         172          9
    24       36       42          9          123         194          9
    25       49       41          4           25          50         11
    26       76       93         24           56          70         10
    27       27       13         17           69         112         11
    28       42       22         25           44          74         10
    29       24       36         36           47          83         11
    30       62       26          4           35         104         10
    31       46        8         12           74         143         10
    32       46       32         21           34          78         10
    33       80       29         32          173         183         10
    34       76       71         25           30          73         10
    35       50       64         16          117         132         10
    36       44       36         25           48          84          9
    37       18       77         40          106         182         11
    38       33       52         20          133         240         10
    39       57       35         36           27         138          9
    40       59       81         32           37         140          9
    41       91       79         13           32          85         11
    42       81       24         10          143         150         10
    43       57       99         31           97         114         10
    44       18       47          9          123         136         11
    45       28       96         14          138         173          9
    46       67       74         10           13          59         11
    47       14       68         25           60         197         10
    48        2       48         12           64          87          9
    49       21        0         27           97         126         10
    50       48       78         38           24          90         11
    51       68       19         34          144         212         10
    52       45       82         38          185         193         10
    53       18       22          1          125         199         10
    54       23       79         19           46          52         10
    55       75       23          9          173         200         10
    56        4       80         37          147         180         10
    57       17       20         29           63         163         10
    58       75       82         13           40         233          9
    59       60       44         23           66         131         10
    60       40       83         25           33         105         10
    61       26       43         20           42          85         10
    62       47       36         19          139         211          9
    63       83       19          3           79         154         10
    64       43       25         19          152         217         10
    65       13       55         14           75         122          9
    66       57       43         33           48          74          9
    67       53       88         35          149         232         10
    68       27       61         31           37         122         10
    69       36       78          2           58         132          9
    70       25       66         34           50         101         11
    71       57       55         16          202         208         10
    72       66       76         17           84         222         11
    73       40       46         38           28         112         10
    74       64       42         35          120         177         10
    75       95       30          3           43         117         10
    76       21       32         15          139         154         11
    77       87       89         30           68         110         10
    78       27       31         22           85         150         10
    79       94       34         11           69         145         10
    80       55       42         21          125         162         10
    81       42       20         35          149         189          9
    82       18       81          9           62          77         10
    83       72       52         30          139         169         10
    84       53       54         30           69          74         11
    85       71        7         36           83         133         10
    86       52       66         12          110         129         10
    87       44       61          9           21          80         11
    88       56       35         22           68         117         10
    89       51       79         22           36          50          9
    90       41       69         17           54          85          9
    91       25       89         32           83         119          9
    92       36       44         32           87         103          9
    93       20       29         10          117         136         10
    94       67       18         32           93         141         11
    95       61       89         10           58         144         10
    96       19       34         17          134         168          9
    97       18       36          2           53          86         10
    98       28       36         14          140         165          9
    99       26       80         39          153         159         11
   100       37       24         18          105         240          9
