CE01

VEHICLE
NUMBER     CAPACITY
  25         200

CUSTOMER
CUST NO.  XCOORD.   YCOORD.    DEMAND   READY TIME  DUE DATE   SERVICE   TIME
 
     0       40       50          0            0        1236          0
     1       45       68         10          784         884         90
     2       45       70         30          702         802         90
     3       42       66         10          618         718         90
     4       42       68         10          544         644         90
     5       42       65         10          224         324         90
     6       40       69         20          703         803         90
     7       40       66         20          356         456         90
     8       38       68         20          294         394         90
     9       38       70         10          153         253         90
    10       35       66         10          791         891         90
    11       35       69         10          175         275         90
    12       25       85         20          889         989         90
    13       22       75         30         1056        1156         90
    14       22       85         10          795         895         90
    15       20       80         40          698         798         90
    16       20       85         40          580         680         90
    17       18       75         20          924        1024         90
    18       15       75         20          341         441         90
    19       15       80         10          461         561         90
    20       30       50         10          680         780         90
    21       30       52         20          816         916         90
    22       28       52         20           12         112         90
    23       28       55         10          481         581         90
    24       25       50         10          369         469         90
    25       25       52         40         1068        1168         90
    26       25       55         10          654         754         90
    27       23       52         10          966        1066         90
    28       23       55         20          986        1086         90
    29       20       50         10          735         835         90
    30       20       55         10          462         562         90
    31       10       35         20         1060        1160         90
    32       10       40         30          941        1041         90
    33        8       40         40          581         681         90
    34        8       45         20          466         566         90
    35        5       35         10          760         860         90
    36        5       45         10           85         185         90
    37        2       40         20          122         222         90
    38        0       40         30          111         211         90
    39        0       45         20          776         876         90
    40       35       30         10          589         689         90
    41       35       32         10          784         884         90
    42       33       32         20          988        1088         90
    43       33       35         10           79         179         90
    44       32       30         10          911        1011         90
    45       30       30         10          717         817         90
    46       30       32         30          784         884         90
    47       30       35         10          559         659         90
    48       28       30         10          794         894         90
    49       28       35         10          572         672         90
    50       26       32         10          858         958         90
    51       25       30         10          554         654         90
    52       25       35         10          379         479         90
    53       44        5         20          139         239         90
    54       42       10         40         1033        1133         90
    55       42       15         10          923        1023         90
    56       40        5         30          322         422         90
    57       40       15         40           85         185         90
    58       38        5         30          813         913         90
    59       38       15         10          823         923         90
    60       35        5         20          577         677         90
    61       50       30         10          759         859         90
    62       50       35         20          445         545         90
    63       50       40         50          160         260         90
    64       48       30         10         1071        1171         90
    65       48       40         10          312         412         90
    66       47       35         10          563         663         90
    67       47       40         10          866         966         90
    68       45       30         10          449         549         90
    69       45       35         10          215         315         90
    70       95       30         30           75         175         90
    71       95       35         20          351         451         90
    72       53       30         10          578         678         90
    73       92       30         10          683         783         90
    74       53       35         50          813         913         90
    75       45       65         20          735         835         90
    76       90       35         10          155         255         90
    77       88       30         10          196         296         90
    78       88       35         20          813         913         90
    79       87       30         10          643         743         90
    80       85       25         10          500         600         90
    81       85       35         30         1029        1129         90
    82       75       55         20          388         488         90
    83       72       55         10          663         763         90
    84       70       58         20          856         956         90
    85       68       60         30          897         997         90
    86       66       55         10          316         416         90
    87       65       55         20          794         894         90
    88       65       60         30         1048        1148         90
    89       63       58         10          327         427         90
    90       60       55         10           46         146         90
    91       60       60         10          662         762         90
    92       67       85         20          114         214         90
    93       65       85         40          583         683         90
    94       65       82         10          158         258         90
    95       62       80         30          352         452         90
    96       60       80         10          464         564         90
    97       60       85         30           40         140         90
    98       58       75         20          409         509         90
    99       55       80         10          984        1084         90
   100       55       85         20          672         772         90
