CE02

VEHICLE
NUMBER     CAPACITY
  25         200

CUSTOMER
CUST NO.  XCOORD.   YCOORD.    DEMAND   READY TIME  DUE DATE   SERVICE   TIME
 
     0       40       50          0            0        1236          0
     1       45       68         10          219         329         90
     2       45       70         30           21         131         90
     3       42       66         10          772         882         90
     4       42       68         10          145         255         90
     5       42       65         10          441         551         90
     6       40       69         20          169         279         90
     7       40       66         20          360         470         90
     8       38       68         20          550         660         90
     9       38       70         10          472         582         90
    10       35       66         10          365         475         90
    11       35       69         10          288         398         90
    12       25       85         20          362         472         90
    13       22       75         30           66         176         90
    14       22       85         10           93         203         90
    15       20       80         40          164         274         90
    16       20       85         40          124         234         90
    17       18       75         20           33         143         90
    18       15       75         20          685         795         90
    19       15       80         10          500         610         90
    20       30       50         10           86         196         90
    21       30       52         20          469         579         90
    22       28       52         20          238         348         90
    23       28       55         10          430         540         90
    24       25       50         10          897        1007         90
    25       25       52         40          581         691         90
    26       25       55         10          934        1044         90
    27       23       52         10           17         127         90
    28       23       55         20          823         933         90
    29       20       50         10          407         517         90
    30       20       55         10          654         764         90
    31       10       35         20          500         610         90
    32       10       40         30          929        1039         90
    33        8       40         40          628         738         90
    34        8       45         20          643         753         90
    35        5       35         10          541         651         90
    36        5       45         10          306         416         90
    37        2       40         20          844         954         90
    38        0       40         30          862         972         90
    39        0       45         20          283         393         90
    40       35       30         10          451         561         90
    41       35       32         10          583         693         90
    42       33       32         20          833         943         90
    43       33       35         10         1003        1113         90
    44       32       30         10          385         495         90
    45       30       30         10           22         132         90
    46       30       32         30          229         339         90
    47       30       35         10          994        1104         90
    48       28       30         10          461         571         90
    49       28       35         10          975        1085         90
    50       26       32         10          120         230         90
    51       25       30         10          720         830         90
    52       25       35         10          106         216         90
    53       44        5         20         1016        1126         90
    54       42       10         40          268         378         90
    55       42       15         10          394         504         90
    56       40        5         30          542         652         90
    57       40       15         40          556         666         90
    58       38        5         30          401         511         90
    59       38       15         10          990        1100         90
    60       35        5         20         1039        1149         90
    61       50       30         10          656         766         90
    62       50       35         20          135         245         90
    63       50       40         50          123         233         90
    64       48       30         10          314         424         90
    65       48       40         10         1071        1181         90
    66       47       35         10          178         288         90
    67       47       40         10          101         211         90
    68       45       30         10           21         131         90
    69       45       35         10          786         896         90
    70       95       30         30          779         889         90
    71       95       35         20          274         384         90
    72       53       30         10           24         134         90
    73       92       30         10          900        1010         90
    74       53       35         50          189         299         90
    75       45       65         20           16         126         90
    76       90       35         10          634         744         90
    77       88       30         10          492         602         90
    78       88       35         20          573         683         90
    79       87       30         10          784         894         90
    80       85       25         10          504         614         90
    81       85       35         30          902        1012         90
    82       75       55         20          498         608         90
    83       72       55         10          603         713         90
    84       70       58         20         1026        1136         90
    85       68       60         30          820         930         90
    86       66       55         10          565         675         90
    87       65       55         20          463         573         90
    88       65       60         30          775         885         90
    89       63       58         10          550         660         90
    90       60       55         10          358         468         90
    91       60       60         10          289         399         90
    92       67       85         20          697         807         90
    93       65       85         40          205         315         90
    94       65       82         10          202         312         90
    95       62       80         30          356         466         90
    96       60       80         10          556         666         90
    97       60       85         30          323         433         90
    98       58       75         20         1035        1145         90
    99       55       80         10          754         864         90
   100       55       85         20          515         625         90
