CE03

VEHICLE
NUMBER     CAPACITY
  25         200

CUSTOMER
CUST NO.  XCOORD.   YCOORD.    DEMAND   READY TIME  DUE DATE   SERVICE   TIME
 
     0       40       50          0            0        1236          0
     1       45       68         10          306         426         90
     2       45       70         30          367         487         90
     3       42       66         10          655         775         90
     4       42       68         10          913        1033         90
     5       42       65         10          784         904         90
     6       40       69         20          594         714         90
     7       40       66         20           16         136         90
     8       38       68         20          101         221         90
     9       38       70         10          891        1011         90
    10       35       66         10          602         722         90
    11       35       69         10          255         375         90
    12       25       85         20         1045        1165         90
    13       22       75         30          879         999         90
    14       22       85         10          356         476         90
    15       20       80         40          584         704         90
    16       20       85         40          823         943         90
    17       18       75         20          380         500         90
    18       15       75         20           75         195         90
    19       15       80         10          909        1029         90
    20       30       50         10          681         801         90
    21       30       52         20          589         709         90
    22       28       52         20          980        1100         90
    23       28       55         10          901        1021         90
    24       25       50         10          696         816         90
    25       25       52         40          348         468         90
    26       25       55         10          366         486         90
    27       23       52         10           17         137         90
    28       23       55         20           18         138         90
    29       20       50         10           58         178         90
    30       20       55         10          347         467         90
    31       10       35         20           34         154         90
    32       10       40         30          306         426         90
    33        8       40         40           82         202         90
    34        8       45         20          796         916         90
    35        5       35         10           38         158         90
    36        5       45         10          978        1098         90
    37        2       40         20           39         159         90
    38        0       40         30           82         202         90
    39        0       45         20          974        1094         90
    40       35       30         10          319         439         90
    41       35       32         10           32         152         90
    42       33       32         20          596         716         90
    43       33       35         10          109         229         90
    44       32       30         10          994        1114         90
    45       30       30         10          902        1022         90
    46       30       32         30          939        1059         90
    47       30       35         10          359         479         90
    48       28       30         10          937        1057         90
    49       28       35         10           59         179         90
    50       26       32         10          454         574         90
    51       25       30         10           25         145         90
    52       25       35         10          810         930         90
    53       44        5         20          326         446         90
    54       42       10         40          901        1021         90
    55       42       15         10          732         852         90
    56       40        5         30          243         363         90
    57       40       15         40          674         794         90
    58       38        5         30          862         982         90
    59       38       15         10          703         823         90
    60       35        5         20           45         165         90
    61       50       30         10          690         810         90
    62       50       35         20          259         379         90
    63       50       40         50         1012        1132         90
    64       48       30         10           78         198         90
    65       48       40         10          733         853         90
    66       47       35         10          410         530         90
    67       47       40         10           12         132         90
    68       45       30         10         1022        1142         90
    69       45       35         10          120         240         90
    70       95       30         30          800         920         90
    71       95       35         20           57         177         90
    72       53       30         10          163         283         90
    73       92       30         10          952        1072         90
    74       53       35         50          594         714         90
    75       45       65         20          941        1061         90
    76       90       35         10          514         634         90
    77       88       30         10          397         517         90
    78       88       35         20          958        1078         90
    79       87       30         10          548         668         90
    80       85       25         10          476         596         90
    81       85       35         30          327         447         90
    82       75       55         20           46         166         90
    83       72       55         10          795         915         90
    84       70       58         20           94         214         90
    85       68       60         30          878         998         90
    86       66       55         10          302         422         90
    87       65       55         20         1050        1170         90
    88       65       60         30          102         222         90
    89       63       58         10          619         739         90
    90       60       55         10          566         686         90
    91       60       60         10          194         314         90
    92       67       85         20          239         359         90
    93       65       85         40          598         718         90
    94       65       82         10          895        1015         90
    95       62       80         30          768         888         90
    96       60       80         10          935        1055         90
    97       60       85         30          722         842         90
    98       58       75         20          783         903         90
    99       55       80         10          714         834         90
   100       55       85         20           72         192         90
