CH01

VEHICLE
NUMBER     CAPACITY
  25         200

CUSTOMER
CUST NO.  XCOORD.   YCOORD.    DEMAND   READY TIME  DUE DATE   SERVICE   TIME
 
     0       40       50          0            0        1236          0
     1       45       68         10         1025        1055         90
     2       45       70         30          167         197         90
     3       42       66         10          540         570         90
     4       42       68         10          198         228         90
     5       42       65         10          153         183         90
     6       40       69         20          748         778         90
     7       40       66         20          834         864         90
     8       38       68         20         1081        1111         90
     9       38       70         10          309         339         90
    10       35       66         10          903         933         90
    11       35       69         10          544         574         90
    12       25       85         20         1078        1108         90
    13       22       75         30          906         936         90
    14       22       85         10          982        1012         90
    15       20       80         40         1003        1033         90
    16       20       85         40          557         587         90
    17       18       75         20           50          80         90
    18       15       75         20          920         950         90
    19       15       80         10          705         735         90
    20       30       50         10         1071        1101         90
    21       30       52         20          509         539         90
    22       28       52         20          547         577         90
    23       28       55         10         1073        1103         90
    24       25       50         10          885         915         90
    25       25       52         40          354         384         90
    26       25       55         10          368         398         90
    27       23       52         10         1068        1098         90
    28       23       55         20          333         363         90
    29       20       50         10         1028        1058         90
    30       20       55         10          173         203         90
    31       10       35         20         1057        1087         90
    32       10       40         30          950         980         90
    33        8       40         40          858         888         90
    34        8       45         20          357         387         90
    35        5       35         10          796         826         90
    36        5       45         10          377         407         90
    37        2       40         20         1082        1112         90
    38        0       40         30          137         167         90
    39        0       45         20          116         146         90
    40       35       30         10           21          51         90
    41       35       32         10          392         422         90
    42       33       32         20          754         784         90
    43       33       35         10          422         452         90
    44       32       30         10          681         711         90
    45       30       30         10          473         503         90
    46       30       32         30          375         405         90
    47       30       35         10          131         161         90
    48       28       30         10          322         352         90
    49       28       35         10          870         900         90
    50       26       32         10          733         763         90
    51       25       30         10          423         453         90
    52       25       35         10          352         382         90
    53       44        5         20          684         714         90
    54       42       10         40          875         905         90
    55       42       15         10          769         799         90
    56       40        5         30          734         764         90
    57       40       15         40          909         939         90
    58       38        5         30          890         920         90
    59       38       15         10          754         784         90
    60       35        5         20          778         808         90
    61       50       30         10          201         231         90
    62       50       35         20          887         917         90
    63       50       40         50          687         717         90
    64       48       30         10          956         986         90
    65       48       40         10           16          46         90
    66       47       35         10          649         679         90
    67       47       40         10          802         832         90
    68       45       30         10          447         477         90
    69       45       35         10          470         500         90
    70       95       30         30          374         404         90
    71       95       35         20         1027        1057         90
    72       53       30         10          254         284         90
    73       92       30         10          264         294         90
    74       53       35         50          969         999         90
    75       45       65         20          232         262         90
    76       90       35         10          523         553         90
    77       88       30         10          697         727         90
    78       88       35         20          955         985         90
    79       87       30         10          139         169         90
    80       85       25         10          450         480         90
    81       85       35         30          520         550         90
    82       75       55         20          889         919         90
    83       72       55         10         1072        1102         90
    84       70       58         20          333         363         90
    85       68       60         30          978        1008         90
    86       66       55         10          298         328         90
    87       65       55         20          129         159         90
    88       65       60         30          395         425         90
    89       63       58         10          327         357         90
    90       60       55         10          294         324         90
    91       60       60         10          187         217         90
    92       67       85         20          662         692         90
    93       65       85         40          400         430         90
    94       65       82         10          900         930         90
    95       62       80         30          112         142         90
    96       60       80         10          342         372         90
    97       60       85         30          610         640         90
    98       58       75         20          310         340         90
    99       55       80         10          701         731         90
   100       55       85         20          822         852         90
