CH02

VEHICLE
NUMBER     CAPACITY
  25         200

CUSTOMER
CUST NO.  XCOORD.   YCOORD.    DEMAND   READY TIME  DUE DATE   SERVICE   TIME
 
     0       40       50          0            0        1236          0
     1       45       68         10          875         915         90
     2       45       70         30          235         275         90
     3       42       66         10          407         447         90
     4       42       68         10          271         311         90
     5       42       65         10          526         566         90
     6       40       69         20          858         898         90
     7       40       66         20          780         820         90
     8       38       68         20         1104        1144         90
     9       38       70         10          545         585         90
    10       35       66         10          609         649         90
    11       35       69         10          872         912         90
    12       25       85         20          889         929         90
    13       22       75         30          236         276         90
    14       22       85         10          350         390         90
    15       20       80         40          285         325         90
    16       20       85         40          264         304         90
    17       18       75         20         1049        1089         90
    18       15       75         20          516         556         90
    19       15       80         10          784         824         90
    20       30       50         10           92         132         90
    21       30       52         20          351         391         90
    22       28       52         20          940         980         90
    23       28       55         10         1006        1046         90
    24       25       50         10          294         334         90
    25       25       52         40         1107        1147         90
    26       25       55         10          892         932         90
    27       23       52         10          170         210         90
    28       23       55         20          624         664         90
    29       20       50         10          928         968         90
    30       20       55         10         1032        1072         90
    31       10       35         20          515         555         90
    32       10       40         30          247         287         90
    33        8       40         40          476         516         90
    34        8       45         20          662         702         90
    35        5       35         10          567         607         90
    36        5       45         10         1003        1043         90
    37        2       40         20          606         646         90
    38        0       40         30          100         140         90
    39        0       45         20          516         556         90
    40       35       30         10          860         900         90
    41       35       32         10         1074        1114         90
    42       33       32         20          222         262         90
    43       33       35         10          762         802         90
    44       32       30         10          273         313         90
    45       30       30         10           87         127         90
    46       30       32         30           87         127         90
    47       30       35         10         1091        1131         90
    48       28       30         10          659         699         90
    49       28       35         10          529         569         90
    50       26       32         10          105         145         90
    51       25       30         10          614         654         90
    52       25       35         10          664         704         90
    53       44        5         20          602         642         90
    54       42       10         40          289         329         90
    55       42       15         10          860         900         90
    56       40        5         30          403         443         90
    57       40       15         40          787         827         90
    58       38        5         30          331         371         90
    59       38       15         10          179         219         90
    60       35        5         20          612         652         90
    61       50       30         10         1043        1083         90
    62       50       35         20          552         592         90
    63       50       40         50          530         570         90
    64       48       30         10          969        1009         90
    65       48       40         10         1065        1105         90
    66       47       35         10          459         499         90
    67       47       40         10           88         128         90
    68       45       30         10          608         648         90
    69       45       35         10           99         139         90
    70       95       30         30           95         135         90
    71       95       35         20          914         954         90
    72       53       30         10         1037        1077         90
    73       92       30         10          659         699         90
    74       53       35         50          443         483         90
    75       45       65         20          765         805         90
    76       90       35         10           88         128         90
    77       88       30         10          544         584         90
    78       88       35         20          552         592         90
    79       87       30         10          108         148         90
    80       85       25         10          710         750         90
    81       85       35         30          888         928         90
    82       75       55         20          959         999         90
    83       72       55         10          705         745         90
    84       70       58         20          737         777         90
    85       68       60         30          346         386         90
    86       66       55         10          243         283         90
    87       65       55         20          380         420         90
    88       65       60         30         1052        1092         90
    89       63       58         10          799         839         90
    90       60       55         10          843         883         90
    91       60       60         10          446         486         90
    92       67       85         20          102         142         90
    93       65       85         40          906         946         90
    94       65       82         10          622         662         90
    95       62       80         30         1002        1042         90
    96       60       80         10          631         671         90
    97       60       85         30          896         936         90
    98       58       75         20          439         479         90
    99       55       80         10          625         665         90
   100       55       85         20          691         731         90
