CH03

VEHICLE
NUMBER     CAPACITY
  25         200

CUSTOMER
CUST NO.  XCOORD.   YCOORD.    DEMAND   READY TIME  DUE DATE   SERVICE   TIME
 
     0       40       50          0            0        1236          0
     1       45       68         10         1017        1067         90
     2       45       70         30         1000        1050         90
     3       42       66         10          756         806         90
     4       42       68         10          171         221         90
     5       42       65         10          829         879         90
     6       40       69         20          625         675         90
     7       40       66         20          582         632         90
     8       38       68         20          574         624         90
     9       38       70         10          185         235         90
    10       35       66         10          208         258         90
    11       35       69         10          833         883         90
    12       25       85         20          962        1012         90
    13       22       75         30          785         835         90
    14       22       85         10          982        1032         90
    15       20       80         40           36          86         90
    16       20       85         40          185         235         90
    17       18       75         20          649         699         90
    18       15       75         20          360         410         90
    19       15       80         10          298         348         90
    20       30       50         10          109         159         90
    21       30       52         20          675         725         90
    22       28       52         20          820         870         90
    23       28       55         10          967        1017         90
    24       25       50         10         1020        1070         90
    25       25       52         40          117         167         90
    26       25       55         10         1070        1120         90
    27       23       52         10         1010        1060         90
    28       23       55         20          410         460         90
    29       20       50         10          710         760         90
    30       20       55         10           37          87         90
    31       10       35         20          575         625         90
    32       10       40         30          115         165         90
    33        8       40         40          990        1040         90
    34        8       45         20         1020        1070         90
    35        5       35         10          749         799         90
    36        5       45         10          431         481         90
    37        2       40         20           83         133         90
    38        0       40         30          187         237         90
    39        0       45         20          710         760         90
    40       35       30         10          114         164         90
    41       35       32         10          967        1017         90
    42       33       32         20          864         914         90
    43       33       35         10          919         969         90
    44       32       30         10          236         286         90
    45       30       30         10          330         380         90
    46       30       32         30          721         771         90
    47       30       35         10          486         536         90
    48       28       30         10          742         792         90
    49       28       35         10          729         779         90
    50       26       32         10         1022        1072         90
    51       25       30         10          288         338         90
    52       25       35         10          848         898         90
    53       44        5         20          367         417         90
    54       42       10         40          531         581         90
    55       42       15         10          382         432         90
    56       40        5         30          412         462         90
    57       40       15         40           72         122         90
    58       38        5         30          981        1031         90
    59       38       15         10          928         978         90
    60       35        5         20          707         757         90
    61       50       30         10           74         124         90
    62       50       35         20          437         487         90
    63       50       40         50          796         846         90
    64       48       30         10         1050        1100         90
    65       48       40         10          405         455         90
    66       47       35         10          816         866         90
    67       47       40         10          209         259         90
    68       45       30         10           50         100         90
    69       45       35         10          618         668         90
    70       95       30         30          537         587         90
    71       95       35         20          453         503         90
    72       53       30         10          802         852         90
    73       92       30         10          729         779         90
    74       53       35         50          250         300         90
    75       45       65         20          778         828         90
    76       90       35         10          160         210         90
    77       88       30         10          748         798         90
    78       88       35         20          751         801         90
    79       87       30         10          979        1029         90
    80       85       25         10          686         736         90
    81       85       35         30         1070        1120         90
    82       75       55         20          963        1013         90
    83       72       55         10          903         953         90
    84       70       58         20          739         789         90
    85       68       60         30          506         556         90
    86       66       55         10          301         351         90
    87       65       55         20          750         800         90
    88       65       60         30           99         149         90
    89       63       58         10          499         549         90
    90       60       55         10          101         151         90
    91       60       60         10           66         116         90
    92       67       85         20          929         979         90
    93       65       85         40          124         174         90
    94       65       82         10          259         309         90
    95       62       80         30          380         430         90
    96       60       80         10           36          86         90
    97       60       85         30          764         814         90
    98       58       75         20          693         743         90
    99       55       80         10          133         183         90
   100       55       85         20          538         588         90
