CH04_ACC

VEHICLE
NUMBER     CAPACITY
  25         200

CUSTOMER
CUST NO.  XCOORD.   YCOORD.    DEMAND   READY TIME  DUE DATE   SERVICE   TIME
 
     0       40       50          0            0        1236          0
     1       45       68         10          908         973         90
     2       45       70         30          816         881         90
     3       42       66         10           74         139         90
     4       42       68         10          723         788         90
     5       42       65         10            0          48         90
     6       40       69         20          630         695         90
     7       40       66         20          166         231         90
     8       38       68         20          258         323         90
     9       38       70         10          538         603         90
    10       35       66         10          352         417         90
    11       35       69         10          445         510         90
    12       25       85         20          655         720         90
    13       22       75         30            0          63         90
    14       22       85         10          562         627         90
    15       20       80         40          375         440         90
    16       20       85         40          470         535         90
    17       18       75         20           92         157         90
    18       15       75         20          185         250         90
    19       15       80         10          280         345         90
    20       30       50         10          908         973         90
    21       30       52         20            0          43         90
    22       28       52         20           70         135         90
    23       28       55         10          163         228         90
    24       25       50         10          813         878         90
    25       25       52         40          721         786         90
    26       25       55         10          256         321         90
    27       23       52         10          629         694         90
    28       23       55         20          348         413         90
    29       20       50         10          536         601         90
    30       20       55         10          441         506         90
    31       10       35         20          566         631         90
    32       10       40         30          753         818         90
    33        8       40         40          661         726         90
    34        8       45         20            0          65         90
    35        5       35         10          471         536         90
    36        5       45         10           93         158         90
    37        2       40         20          375         440         90
    38        0       40         30          283         348         90
    39        0       45         20          188         253         90
    40       35       30         10          819         884         90
    41       35       32         10          911         976         90
    42       33       32         20         1003        1068         90
    43       33       35         10         1096        1161         90
    44       32       30         10          726         791         90
    45       30       30         10          634         699         90
    46       30       32         30          542         607         90
    47       30       35         10            0          51         90
    48       28       30         10          449         514         90
    49       28       35         10           78         143         90
    50       26       32         10          264         329         90
    51       25       30         10          356         421         90
    52       25       35         10          171         236         90
    53       44        5         20          474         539         90
    54       42       10         40          569         634         90
    55       42       15         10          664         729         90
    56       40        5         30          380         445         90
    57       40       15         40            2          68         90
    58       38        5         30          288         353         90
    59       38       15         10           94         160         90
    60       35        5         20          195         260         90
    61       50       30         10          356         421         90
    62       50       35         20          637         702         90
    63       50       40         50          732         797         90
    64       48       30         10          264         329         90
    65       48       40         10          824         889         90
    66       47       35         10           75         140         90
    67       47       40         10          915         980         90
    68       45       30         10          171         236         90
    69       45       35         10            0          48         90
    70       95       30         30          390         455         90
    71       95       35         20          295         360         90
    72       53       30         10          449         514         90
    73       92       30         10          483         548         90
    74       53       35         50          544         609         90
    75       45       65         20         1001        1066         90
    76       90       35         10          200         265         90
    77       88       30         10          577         642         90
    78       88       35         20          108         173         90
    79       87       30         10          668         733         90
    80       85       25         10          763         828         90
    81       85       35         30           15          80         90
    82       75       55         20          458         523         90
    83       72       55         10          551         616         90
    84       70       58         20          362         427         90
    85       68       60         30          269         334         90
    86       66       55         10          647         712         90
    87       65       55         20          738         803         90
    88       65       60         30          176         241         90
    89       63       58         10           83         148         90
    90       60       55         10          833         898         90
    91       60       60         10            0          55         90
    92       67       85         20          378         443         90
    93       65       85         40          286         351         90
    94       65       82         10          472         537         90
    95       62       80         30          565         630         90
    96       60       80         10          657         722         90
    97       60       85         30          191         256         90
    98       58       75         20          753         818         90
    99       55       80         10            1          66         90
   100       55       85         20           96         161         90

EVENTS
# TYPE  TRIGGER_TIME  DURATION  MULTIPLIER/SEVERITY  NODES...
ACCIDENT 360.9 177.6 2.04 3 91 92 93 94 95 96 97 98 99 100

ACCIDENT 373.6 169.5 2.04 3 20 21 22 24 25 26 27 28 29 30 32 33 34 36 37 38 39

