CH05_ACC

VEHICLE
NUMBER     CAPACITY
  25         200

CUSTOMER
CUST NO.  XCOORD.   YCOORD.    DEMAND   READY TIME  DUE DATE   SERVICE   TIME
 
     0       40       50          0            0        1236          0
     1       45       68         10          906         976         90
     2       45       70         30          814         884         90
     3       42       66         10           71         141         90
     4       42       68         10          720         790         90
     5       42       65         10            0          50         90
     6       40       69         20          628         698         90
     7       40       66         20          163         233         90
     8       38       68         20          256         326         90
     9       38       70         10          536         606         90
    10       35       66         10          350         420         90
    11       35       69         10          443         513         90
    12       25       85         20          653         723         90
    13       22       75         30            0          66         90
    14       22       85         10          560         630         90
    15       20       80         40          373         443         90
    16       20       85         40          468         538         90
    17       18       75         20           90         160         90
    18       15       75         20          183         253         90
    19       15       80         10          278         348         90
    20       30       50         10          906         976         90
    21       30       52         20            0          45         90
    22       28       52         20           67         137         90
    23       28       55         10          160         230         90
    24       25       50         10          811         881         90
    25       25       52         40          719         789         90
    26       25       55         10          253         323         90
    27       23       52         10          627         697         90
    28       23       55         20          345         415         90
    29       20       50         10          533         603         90
    30       20       55         10          438         508         90
    31       10       35         20          563         633         90
    32       10       40         30          751         821         90
    33        8       40         40          659         729         90
    34        8       45         20            0          67         90
    35        5       35         10          468         538         90
    36        5       45         10           90         160         90
    37        2       40         20          372         442         90
    38        0       40         30          280         350         90
    39        0       45         20          185         255         90
    40       35       30         10          816         886         90
    41       35       32         10          908         978         90
    42       33       32         20         1000        1070         90
    43       33       35         10         1093        1163         90
    44       32       30         10          723         793         90
    45       30       30         10          631         701         90
    46       30       32         30          539         609         90
    47       30       35         10            0          53         90
    48       28       30         10          446         516         90
    49       28       35         10           75         145         90
    50       26       32         10          261         331         90
    51       25       30         10          353         423         90
    52       25       35         10          168         238         90
    53       44        5         20          471         541         90
    54       42       10         40          567         637         90
    55       42       15         10          662         732         90
    56       40        5         30          377         447         90
    57       40       15         40            0          70         90
    58       38        5         30          285         355         90
    59       38       15         10           92         162         90
    60       35        5         20          192         262         90
    61       50       30         10          353         423         90
    62       50       35         20          634         704         90
    63       50       40         50          729         799         90
    64       48       30         10          261         331         90
    65       48       40         10          821         891         90
    66       47       35         10           73         143         90
    67       47       40         10          912         982         90
    68       45       30         10          168         238         90
    69       45       35         10            0          51         90
    70       95       30         30          387         457         90
    71       95       35         20          292         362         90
    72       53       30         10          446         516         90
    73       92       30         10          480         550         90
    74       53       35         50          541         611         90
    75       45       65         20          999        1069         90
    76       90       35         10          197         267         90
    77       88       30         10          574         644         90
    78       88       35         20          105         175         90
    79       87       30         10          665         735         90
    80       85       25         10          761         831         90
    81       85       35         30           12          82         90
    82       75       55         20          455         525         90
    83       72       55         10          548         618         90
    84       70       58         20          360         430         90
    85       68       60         30          267         337         90
    86       66       55         10          644         714         90
    87       65       55         20          735         805         90
    88       65       60         30          174         244         90
    89       63       58         10           81         151         90
    90       60       55         10          830         900         90
    91       60       60         10            0          57         90
    92       67       85         20          376         446         90
    93       65       85         40          284         354         90
    94       65       82         10          469         539         90
    95       62       80         30          563         633         90
    96       60       80         10          655         725         90
    97       60       85         30          189         259         90
    98       58       75         20          750         820         90
    99       55       80         10            0          69         90
   100       55       85         20           94         164         90

EVENTS
# TYPE  TRIGGER_TIME  DURATION  MULTIPLIER/SEVERITY  NODES...
ACCIDENT 649.1 167.1 2.04 3 40 41 42 44 53 54 55 56 57 58 59 60 64 68 69

ACCIDENT 696.9 136.5 1.2 2 61 62 63 65 66 67 72 74 77 79 80

ACCIDENT 686.0 143.7 2.04 3 40 41 42 44 53 54 55 56 57 58 59 60 64 68 69

