CH07_ACC

VEHICLE
NUMBER     CAPACITY
  25         200

CUSTOMER
CUST NO.  XCOORD.   YCOORD.    DEMAND   READY TIME  DUE DATE   SERVICE   TIME
 
     0       40       50          0            0        1236          0
     1       45       68         10          913         968         90
     2       45       70         30          821         876         90
     3       42       66         10           79         134         90
     4       42       68         10          728         783         90
     5       42       65         10            0          43         90
     6       40       69         20          635         690         90
     7       40       66         20          171         226         90
     8       38       68         20          263         318         90
     9       38       70         10          543         598         90
    10       35       66         10          357         412         90
    11       35       69         10          450         505         90
    12       25       85         20          660         715         90
    13       22       75         30            3          58         90
    14       22       85         10          567         622         90
    15       20       80         40          380         435         90
    16       20       85         40          475         530         90
    17       18       75         20           97         152         90
    18       15       75         20          190         245         90
    19       15       80         10          285         340         90
    20       30       50         10          913         968         90
    21       30       52         20            0          38         90
    22       28       52         20           75         130         90
    23       28       55         10          168         223         90
    24       25       50         10          818         873         90
    25       25       52         40          726         781         90
    26       25       55         10          261         316         90
    27       23       52         10          634         689         90
    28       23       55         20          353         408         90
    29       20       50         10          541         596         90
    30       20       55         10          446         501         90
    31       10       35         20          571         626         90
    32       10       40         30          758         813         90
    33        8       40         40          666         721         90
    34        8       45         20            5          60         90
    35        5       35         10          476         531         90
    36        5       45         10           98         153         90
    37        2       40         20          380         435         90
    38        0       40         30          288         343         90
    39        0       45         20          193         248         90
    40       35       30         10          824         879         90
    41       35       32         10          916         971         90
    42       33       32         20         1008        1063         90
    43       33       35         10         1101        1156         90
    44       32       30         10          731         786         90
    45       30       30         10          639         694         90
    46       30       32         30          547         602         90
    47       30       35         10            0          46         90
    48       28       30         10          454         509         90
    49       28       35         10           83         138         90
    50       26       32         10          269         324         90
    51       25       30         10          361         416         90
    52       25       35         10          176         231         90
    53       44        5         20          479         534         90
    54       42       10         40          574         629         90
    55       42       15         10          669         724         90
    56       40        5         30          385         440         90
    57       40       15         40            8          62         90
    58       38        5         30          293         348         90
    59       38       15         10          100         154         90
    60       35        5         20          200         255         90
    61       50       30         10          361         416         90
    62       50       35         20          642         697         90
    63       50       40         50          737         792         90
    64       48       30         10          269         324         90
    65       48       40         10          829         884         90
    66       47       35         10           80         135         90
    67       47       40         10          920         975         90
    68       45       30         10          176         231         90
    69       45       35         10            0          43         90
    70       95       30         30          395         450         90
    71       95       35         20          300         355         90
    72       53       30         10          454         509         90
    73       92       30         10          488         543         90
    74       53       35         50          549         604         90
    75       45       65         20         1006        1061         90
    76       90       35         10          205         260         90
    77       88       30         10          582         637         90
    78       88       35         20          113         168         90
    79       87       30         10          673         728         90
    80       85       25         10          768         823         90
    81       85       35         30           20          75         90
    82       75       55         20          463         518         90
    83       72       55         10          556         611         90
    84       70       58         20          367         422         90
    85       68       60         30          274         329         90
    86       66       55         10          652         707         90
    87       65       55         20          743         798         90
    88       65       60         30          181         236         90
    89       63       58         10           88         143         90
    90       60       55         10          838         893         90
    91       60       60         10            0          50         90
    92       67       85         20          383         438         90
    93       65       85         40          291         346         90
    94       65       82         10          477         532         90
    95       62       80         30          570         625         90
    96       60       80         10          662         717         90
    97       60       85         30          196         251         90
    98       58       75         20          758         813         90
    99       55       80         10            6          61         90
   100       55       85         20          101         156         90

EVENTS
# TYPE  TRIGGER_TIME  DURATION  MULTIPLIER/SEVERITY  NODES...
ACCIDENT 0.0 56.3 5.88 5 20 21 22 24 25 26 27 28 29 30 32 33 34 36 37 38 39

ACCIDENT 40.0 98.5 5.88 5 40 41 42 44 53 54 55 56 57 58 59 60 64 68 69

