CH08_ACC

VEHICLE
NUMBER     CAPACITY
  25         200

CUSTOMER
CUST NO.  XCOORD.   YCOORD.    DEMAND   READY TIME  DUE DATE   SERVICE   TIME
 
     0       40       50          0            0        1236          0
     1       45       68         10          910         971         90
     2       45       70         30          818         879         90
     3       42       66         10           76         137         90
     4       42       68         10          725         786         90
     5       42       65         10            0          46         90
     6       40       69         20          632         693         90
     7       40       66         20          168         229         90
     8       38       68         20          260         321         90
     9       38       70         10          540         601         90
    10       35       66         10          354         415         90
    11       35       69         10          447         508         90
    12       25       85         20          657         718         90
    13       22       75         30            0          61         90
    14       22       85         10          564         625         90
    15       20       80         40          377         438         90
    16       20       85         40          472         533         90
    17       18       75         20           94         155         90
    18       15       75         20          187         248         90
    19       15       80         10          282         343         90
    20       30       50         10          910         971         90
    21       30       52         20            0          41         90
    22       28       52         20           72         133         90
    23       28       55         10          165         226         90
    24       25       50         10          815         876         90
    25       25       52         40          723         784         90
    26       25       55         10          258         319         90
    27       23       52         10          631         692         90
    28       23       55         20          350         411         90
    29       20       50         10          538         599         90
    30       20       55         10          443         504         90
    31       10       35         20          568         629         90
    32       10       40         30          755         816         90
    33        8       40         40          663         724         90
    34        8       45         20            2          63         90
    35        5       35         10          473         534         90
    36        5       45         10           95         156         90
    37        2       40         20          377         438         90
    38        0       40         30          285         346         90
    39        0       45         20          190         251         90
    40       35       30         10          821         882         90
    41       35       32         10          913         974         90
    42       33       32         20         1005        1066         90
    43       33       35         10         1098        1159         90
    44       32       30         10          728         789         90
    45       30       30         10          636         697         90
    46       30       32         30          544         605         90
    47       30       35         10            0          49         90
    48       28       30         10          451         512         90
    49       28       35         10           80         141         90
    50       26       32         10          266         327         90
    51       25       30         10          358         419         90
    52       25       35         10          173         234         90
    53       44        5         20          476         537         90
    54       42       10         40          571         632         90
    55       42       15         10          666         727         90
    56       40        5         30          382         443         90
    57       40       15         40            4          66         90
    58       38        5         30          290         351         90
    59       38       15         10           96         158         90
    60       35        5         20          197         258         90
    61       50       30         10          358         419         90
    62       50       35         20          639         700         90
    63       50       40         50          734         795         90
    64       48       30         10          266         327         90
    65       48       40         10          826         887         90
    66       47       35         10           77         138         90
    67       47       40         10          917         978         90
    68       45       30         10          173         234         90
    69       45       35         10            0          46         90
    70       95       30         30          392         453         90
    71       95       35         20          297         358         90
    72       53       30         10          451         512         90
    73       92       30         10          485         546         90
    74       53       35         50          546         607         90
    75       45       65         20         1003        1064         90
    76       90       35         10          202         263         90
    77       88       30         10          579         640         90
    78       88       35         20          110         171         90
    79       87       30         10          670         731         90
    80       85       25         10          765         826         90
    81       85       35         30           17          78         90
    82       75       55         20          460         521         90
    83       72       55         10          553         614         90
    84       70       58         20          364         425         90
    85       68       60         30          271         332         90
    86       66       55         10          649         710         90
    87       65       55         20          740         801         90
    88       65       60         30          178         239         90
    89       63       58         10           85         146         90
    90       60       55         10          835         896         90
    91       60       60         10            0          53         90
    92       67       85         20          380         441         90
    93       65       85         40          288         349         90
    94       65       82         10          474         535         90
    95       62       80         30          567         628         90
    96       60       80         10          659         720         90
    97       60       85         30          193         254         90
    98       58       75         20          755         816         90
    99       55       80         10            3          64         90
   100       55       85         20           98         159         90

EVENTS
# TYPE  TRIGGER_TIME  DURATION  MULTIPLIER/SEVERITY  NODES...
ACCIDENT 604.4 163.3 5.88 5 20 21 22 24 25 26 27 28 29 30 32 33 34 36 37 38 39

ACCIDENT 649.9 47.3 5.88 5 40 41 42 44 53 54 55 56 57 58 59 60 64 68 69

ACCIDENT 647.8 187.2 2.04 3 40 41 42 44 53 54 55 56 57 58 59 60 64 68 69

