CH11_ACC

VEHICLE
NUMBER     CAPACITY
  25         200

CUSTOMER
CUST NO.  XCOORD.   YCOORD.    DEMAND   READY TIME  DUE DATE   SERVICE   TIME
 
     0       40       50          0            0        1236          0
     1       45       68         10          916         966         90
     2       45       70         30          824         874         90
     3       42       66         10           81         131         90
     4       42       68         10          730         780         90
     5       42       65         10            0          40         90
     6       40       69         20          638         688         90
     7       40       66         20          173         223         90
     8       38       68         20          266         316         90
     9       38       70         10          546         596         90
    10       35       66         10          360         410         90
    11       35       69         10          453         503         90
    12       25       85         20          663         713         90
    13       22       75         30            6          56         90
    14       22       85         10          570         620         90
    15       20       80         40          383         433         90
    16       20       85         40          478         528         90
    17       18       75         20          100         150         90
    18       15       75         20          193         243         90
    19       15       80         10          288         338         90
    20       30       50         10          916         966         90
    21       30       52         20            0          35         90
    22       28       52         20           77         127         90
    23       28       55         10          170         220         90
    24       25       50         10          821         871         90
    25       25       52         40          729         779         90
    26       25       55         10          263         313         90
    27       23       52         10          637         687         90
    28       23       55         20          355         405         90
    29       20       50         10          543         593         90
    30       20       55         10          448         498         90
    31       10       35         20          573         623         90
    32       10       40         30          761         811         90
    33        8       40         40          669         719         90
    34        8       45         20            7          57         90
    35        5       35         10          478         528         90
    36        5       45         10          100         150         90
    37        2       40         20          382         432         90
    38        0       40         30          290         340         90
    39        0       45         20          195         245         90
    40       35       30         10          826         876         90
    41       35       32         10          918         968         90
    42       33       32         20         1010        1060         90
    43       33       35         10         1103        1153         90
    44       32       30         10          733         783         90
    45       30       30         10          641         691         90
    46       30       32         30          549         599         90
    47       30       35         10            0          43         90
    48       28       30         10          456         506         90
    49       28       35         10           85         135         90
    50       26       32         10          271         321         90
    51       25       30         10          363         413         90
    52       25       35         10          178         228         90
    53       44        5         20          481         531         90
    54       42       10         40          577         627         90
    55       42       15         10          672         722         90
    56       40        5         30          387         437         90
    57       40       15         40           10          60         90
    58       38        5         30          295         345         90
    59       38       15         10          102         152         90
    60       35        5         20          202         252         90
    61       50       30         10          363         413         90
    62       50       35         20          644         694         90
    63       50       40         50          739         789         90
    64       48       30         10          271         321         90
    65       48       40         10          831         881         90
    66       47       35         10           83         133         90
    67       47       40         10          922         972         90
    68       45       30         10          178         228         90
    69       45       35         10            0          41         90
    70       95       30         30          397         447         90
    71       95       35         20          302         352         90
    72       53       30         10          456         506         90
    73       92       30         10          490         540         90
    74       53       35         50          551         601         90
    75       45       65         20         1009        1059         90
    76       90       35         10          207         257         90
    77       88       30         10          584         634         90
    78       88       35         20          115         165         90
    79       87       30         10          675         725         90
    80       85       25         10          771         821         90
    81       85       35         30           22          72         90
    82       75       55         20          465         515         90
    83       72       55         10          558         608         90
    84       70       58         20          370         420         90
    85       68       60         30          277         327         90
    86       66       55         10          654         704         90
    87       65       55         20          745         795         90
    88       65       60         30          184         234         90
    89       63       58         10           91         141         90
    90       60       55         10          840         890         90
    91       60       60         10            0          47         90
    92       67       85         20          386         436         90
    93       65       85         40          294         344         90
    94       65       82         10          479         529         90
    95       62       80         30          573         623         90
    96       60       80         10          665         715         90
    97       60       85         30          199         249         90
    98       58       75         20          760         810         90
    99       55       80         10            9          59         90
   100       55       85         20          104         154         90

EVENTS
# TYPE  TRIGGER_TIME  DURATION  MULTIPLIER/SEVERITY  NODES...
ACCIDENT 0.0 49.0 5.88 5 91 92 93 94 95 96 97 98 99 100

ACCIDENT 45.4 70.9 5.88 5 91 92 93 94 95 96 97 98 99 100

