CM01

VEHICLE
NUMBER     CAPACITY
  25         200

CUSTOMER
CUST NO.  XCOORD.   YCOORD.    DEMAND   READY TIME  DUE DATE   SERVICE   TIME
 
     0       40       50          0            0        1236          0
     1       45       68         10          243         303         90
     2       45       70         30          751         811         90
     3       42       66         10          210         270         90
     4       42       68         10          126         186         90
     5       42       65         10          203         263         90
     6       40       69         20          591         651         90
     7       40       66         20           16          76         90
     8       38       68         20          776         836         90
     9       38       70         10          208         268         90
    10       35       66         10          754         814         90
    11       35       69         10          933         993         90
    12       25       85         20          594         654         90
    13       22       75         30          443         503         90
    14       22       85         10          935         995         90
    15       20       80         40           36          96         90
    16       20       85         40          736         796         90
    17       18       75         20          781         841         90
    18       15       75         20          343         403         90
    19       15       80         10          871         931         90
    20       30       50         10          568         628         90
    21       30       52         20          700         760         90
    22       28       52         20         1000        1060         90
    23       28       55         10           13          73         90
    24       25       50         10          982        1042         90
    25       25       52         40           48         108         90
    26       25       55         10           58         118         90
    27       23       52         10          887         947         90
    28       23       55         20          895         955         90
    29       20       50         10          598         658         90
    30       20       55         10          974        1034         90
    31       10       35         20          497         557         90
    32       10       40         30          156         216         90
    33        8       40         40          455         515         90
    34        8       45         20          993        1053         90
    35        5       35         10           92         152         90
    36        5       45         10          922         982         90
    37        2       40         20          624         684         90
    38        0       40         30          544         604         90
    39        0       45         20          518         578         90
    40       35       30         10          855         915         90
    41       35       32         10          976        1036         90
    42       33       32         20         1022        1082         90
    43       33       35         10          486         546         90
    44       32       30         10          881         941         90
    45       30       30         10          886         946         90
    46       30       32         30          885         945         90
    47       30       35         10          496         556         90
    48       28       30         10         1027        1087         90
    49       28       35         10          715         775         90
    50       26       32         10         1012        1072         90
    51       25       30         10          618         678         90
    52       25       35         10          845         905         90
    53       44        5         20          705         765         90
    54       42       10         40          287         347         90
    55       42       15         10          359         419         90
    56       40        5         30          401         461         90
    57       40       15         40          211         271         90
    58       38        5         30          894         954         90
    59       38       15         10          647         707         90
    60       35        5         20          141         201         90
    61       50       30         10          855         915         90
    62       50       35         20          820         880         90
    63       50       40         50          707         767         90
    64       48       30         10          737         797         90
    65       48       40         10         1100        1160         90
    66       47       35         10          203         263         90
    67       47       40         10           15          75         90
    68       45       30         10          297         357         90
    69       45       35         10           99         159         90
    70       95       30         30          222         282         90
    71       95       35         20          548         608         90
    72       53       30         10          145         205         90
    73       92       30         10          992        1052         90
    74       53       35         50           82         142         90
    75       45       65         20          318         378         90
    76       90       35         10          260         320         90
    77       88       30         10          197         257         90
    78       88       35         20          820         880         90
    79       87       30         10          404         464         90
    80       85       25         10          148         208         90
    81       85       35         30          247         307         90
    82       75       55         20          200         260         90
    83       72       55         10          751         811         90
    84       70       58         20          778         838         90
    85       68       60         30          963        1023         90
    86       66       55         10          281         341         90
    87       65       55         20          773         833         90
    88       65       60         30          368         428         90
    89       63       58         10         1074        1134         90
    90       60       55         10          681         741         90
    91       60       60         10          465         525         90
    92       67       85         20          609         669         90
    93       65       85         40          451         511         90
    94       65       82         10          926         986         90
    95       62       80         30          490         550         90
    96       60       80         10          785         845         90
    97       60       85         30          941        1001         90
    98       58       75         20          699         759         90
    99       55       80         10          498         558         90
   100       55       85         20          252         312         90
