CM02

VEHICLE
NUMBER     CAPACITY
  25         200

CUSTOMER
CUST NO.  XCOORD.   YCOORD.    DEMAND   READY TIME  DUE DATE   SERVICE   TIME
 
     0       40       50          0            0        1236          0
     1       45       68         10          370         445         90
     2       45       70         30          178         253         90
     3       42       66         10          985        1060         90
     4       42       68         10          382         457         90
     5       42       65         10          167         242         90
     6       40       69         20          635         710         90
     7       40       66         20          941        1016         90
     8       38       68         20          604         679         90
     9       38       70         10          175         250         90
    10       35       66         10          117         192         90
    11       35       69         10          455         530         90
    12       25       85         20          829         904         90
    13       22       75         30          675         750         90
    14       22       85         10          494         569         90
    15       20       80         40          974        1049         90
    16       20       85         40          524         599         90
    17       18       75         20          866         941         90
    18       15       75         20          856         931         90
    19       15       80         10          912         987         90
    20       30       50         10          873         948         90
    21       30       52         20          831         906         90
    22       28       52         20          892         967         90
    23       28       55         10          394         469         90
    24       25       50         10          807         882         90
    25       25       52         40          929        1004         90
    26       25       55         10          350         425         90
    27       23       52         10         1016        1091         90
    28       23       55         20           76         151         90
    29       20       50         10          245         320         90
    30       20       55         10          188         263         90
    31       10       35         20          402         477         90
    32       10       40         30           57         132         90
    33        8       40         40          480         555         90
    34        8       45         20          176         251         90
    35        5       35         10          730         805         90
    36        5       45         10          632         707         90
    37        2       40         20          421         496         90
    38        0       40         30          738         813         90
    39        0       45         20          810         885         90
    40       35       30         10          308         383         90
    41       35       32         10           19          94         90
    42       33       32         20          165         240         90
    43       33       35         10          360         435         90
    44       32       30         10          280         355         90
    45       30       30         10          871         946         90
    46       30       32         30          179         254         90
    47       30       35         10          895         970         90
    48       28       30         10         1012        1087         90
    49       28       35         10          923         998         90
    50       26       32         10          303         378         90
    51       25       30         10          823         898         90
    52       25       35         10          505         580         90
    53       44        5         20          562         637         90
    54       42       10         40          703         778         90
    55       42       15         10          376         451         90
    56       40        5         30         1008        1083         90
    57       40       15         40          731         806         90
    58       38        5         30          306         381         90
    59       38       15         10          150         225         90
    60       35        5         20          462         537         90
    61       50       30         10          849         924         90
    62       50       35         20          244         319         90
    63       50       40         50           88         163         90
    64       48       30         10          690         765         90
    65       48       40         10          347         422         90
    66       47       35         10          630         705         90
    67       47       40         10          985        1060         90
    68       45       30         10          306         381         90
    69       45       35         10          450         525         90
    70       95       30         30          602         677         90
    71       95       35         20          186         261         90
    72       53       30         10          240         315         90
    73       92       30         10          581         656         90
    74       53       35         50          731         806         90
    75       45       65         20         1077        1152         90
    76       90       35         10          696         771         90
    77       88       30         10          868         943         90
    78       88       35         20          133         208         90
    79       87       30         10          945        1020         90
    80       85       25         10          203         278         90
    81       85       35         30          193         268         90
    82       75       55         20          952        1027         90
    83       72       55         10          806         881         90
    84       70       58         20          104         179         90
    85       68       60         30          110         185         90
    86       66       55         10          152         227         90
    87       65       55         20          783         858         90
    88       65       60         30         1065        1140         90
    89       63       58         10         1013        1088         90
    90       60       55         10          874         949         90
    91       60       60         10          517         592         90
    92       67       85         20          107         182         90
    93       65       85         40          868         943         90
    94       65       82         10          973        1048         90
    95       62       80         30          229         304         90
    96       60       80         10          582         657         90
    97       60       85         30          450         525         90
    98       58       75         20         1036        1111         90
    99       55       80         10          821         896         90
   100       55       85         20         1001        1076         90
