CM03

VEHICLE
NUMBER     CAPACITY
  25         200

CUSTOMER
CUST NO.  XCOORD.   YCOORD.    DEMAND   READY TIME  DUE DATE   SERVICE   TIME
 
     0       40       50          0            0        1236          0
     1       45       68         10         1045        1135         90
     2       45       70         30          227         317         90
     3       42       66         10           16         106         90
     4       42       68         10          523         613         90
     5       42       65         10          467         557         90
     6       40       69         20          641         731         90
     7       40       66         20          440         530         90
     8       38       68         20          622         712         90
     9       38       70         10          841         931         90
    10       35       66         10          408         498         90
    11       35       69         10          558         648         90
    12       25       85         20          129         219         90
    13       22       75         30          814         904         90
    14       22       85         10          158         248         90
    15       20       80         40           95         185         90
    16       20       85         40           40         130         90
    17       18       75         20           33         123         90
    18       15       75         20          236         326         90
    19       15       80         10          779         869         90
    20       30       50         10          850         940         90
    21       30       52         20          712         802         90
    22       28       52         20          917        1007         90
    23       28       55         10         1043        1133         90
    24       25       50         10         1058        1148         90
    25       25       52         40          692         782         90
    26       25       55         10          603         693         90
    27       23       52         10          328         418         90
    28       23       55         20          476         566         90
    29       20       50         10          546         636         90
    30       20       55         10          773         863         90
    31       10       35         20          244         334         90
    32       10       40         30          107         197         90
    33        8       40         40          502         592         90
    34        8       45         20          914        1004         90
    35        5       35         10          629         719         90
    36        5       45         10           55         145         90
    37        2       40         20          488         578         90
    38        0       40         30         1042        1132         90
    39        0       45         20           46         136         90
    40       35       30         10          835         925         90
    41       35       32         10          187         277         90
    42       33       32         20          469         559         90
    43       33       35         10          461         551         90
    44       32       30         10          478         568         90
    45       30       30         10          118         208         90
    46       30       32         30          647         737         90
    47       30       35         10           48         138         90
    48       28       30         10          741         831         90
    49       28       35         10          184         274         90
    50       26       32         10          793         883         90
    51       25       30         10          612         702         90
    52       25       35         10          618         708         90
    53       44        5         20          497         587         90
    54       42       10         40          448         538         90
    55       42       15         10          127         217         90
    56       40        5         30          308         398         90
    57       40       15         40          245         335         90
    58       38        5         30          808         898         90
    59       38       15         10           54         144         90
    60       35        5         20          588         678         90
    61       50       30         10          798         888         90
    62       50       35         20          461         551         90
    63       50       40         50          848         938         90
    64       48       30         10          570         660         90
    65       48       40         10          874         964         90
    66       47       35         10           17         107         90
    67       47       40         10          450         540         90
    68       45       30         10          279         369         90
    69       45       35         10          341         431         90
    70       95       30         30          252         342         90
    71       95       35         20          194         284         90
    72       53       30         10          105         195         90
    73       92       30         10          125         215         90
    74       53       35         50         1052        1142         90
    75       45       65         20          623         713         90
    76       90       35         10          684         774         90
    77       88       30         10         1005        1095         90
    78       88       35         20          335         425         90
    79       87       30         10          885         975         90
    80       85       25         10          561         651         90
    81       85       35         30          261         351         90
    82       75       55         20         1008        1098         90
    83       72       55         10          611         701         90
    84       70       58         20          764         854         90
    85       68       60         30          183         273         90
    86       66       55         10          535         625         90
    87       65       55         20          589         679         90
    88       65       60         30          584         674         90
    89       63       58         10           48         138         90
    90       60       55         10          316         406         90
    91       60       60         10          235         325         90
    92       67       85         20          595         685         90
    93       65       85         40          152         242         90
    94       65       82         10          503         593         90
    95       62       80         30          592         682         90
    96       60       80         10          374         464         90
    97       60       85         30          111         201         90
    98       58       75         20          957        1047         90
    99       55       80         10          592         682         90
   100       55       85         20          538         628         90
